         0          1   0.296598   0.457502
      0.01   0.952866   0.426794   0.589533
      0.02   0.952707   0.433209   0.595594
      0.03    0.95215   0.453898   0.614743
      0.04   0.946815   0.501517   0.655712
      0.05   0.946139   0.516169   0.667941
      0.06   0.944865   0.533039   0.681573
      0.07   0.943471   0.545639   0.691412
      0.08   0.941998   0.563253   0.704976
      0.09   0.940963    0.57597   0.714556
       0.1   0.937182   0.596524    0.72902
      0.11   0.931927   0.611212   0.738242
      0.12   0.925398   0.619971   0.742503
      0.13   0.912739    0.63318   0.747682
      0.14   0.908519   0.644566   0.754113
      0.15    0.89586   0.655079   0.756779
      0.16   0.884674   0.662688   0.757758
      0.17   0.873965   0.674363   0.761298
      0.18   0.867715   0.679595   0.762219
      0.19   0.860908   0.686812   0.764068
       0.2   0.850637   0.691806   0.763044
      0.21   0.827269   0.693973   0.754781
      0.22   0.807524   0.703574   0.751974
      0.23   0.796377   0.707035   0.749051
      0.24   0.779976   0.710862   0.743817
      0.25   0.764172   0.709677   0.735917
      0.26   0.744984   0.711435   0.727823
      0.27   0.733041   0.710596   0.721644
      0.28   0.709116   0.709751   0.709433
      0.29   0.689252   0.708344   0.698667
       0.3   0.667834   0.709554   0.688062
      0.31    0.64367   0.708203   0.674397
      0.32   0.627428   0.704532   0.663749
      0.33   0.615804   0.701136   0.655705
      0.34   0.604379   0.698476   0.648029
      0.35   0.584435   0.692187   0.633763
      0.36   0.572333   0.687199   0.624528
      0.37   0.551592   0.682408   0.610066
      0.38   0.538217   0.677463   0.599865
      0.39   0.524801   0.672887   0.589689
       0.4   0.512381   0.670151   0.580741
      0.41   0.486067   0.666047   0.561999
      0.42   0.478344   0.664504   0.556262
      0.43   0.466083   0.661955   0.547013
      0.44   0.454697   0.658044    0.53779
      0.45   0.445661   0.654875   0.530382
      0.46   0.436067   0.651123   0.522325
      0.47   0.424124   0.646247   0.512138
      0.48   0.413654   0.645275   0.504133
      0.49   0.408041   0.644789   0.499797
       0.5   0.404061   0.640956   0.495657
      0.51   0.396377   0.636657   0.488573
      0.52   0.389849   0.633427   0.482647
      0.53   0.374761   0.627347   0.469221
      0.54   0.369546   0.626091   0.464767
      0.55   0.364252   0.626053   0.460547
      0.56   0.360111   0.624121   0.456707
      0.57   0.352627   0.618163    0.44908
      0.58   0.346616   0.614655   0.443266
      0.59   0.334833   0.603982   0.430826
       0.6   0.325955   0.591872   0.420392
      0.61    0.30422   0.578593    0.39877
      0.62   0.277707   0.561856   0.371697
      0.63   0.268909   0.553488   0.361961
      0.64   0.255454   0.535368   0.345873
      0.65   0.238734   0.521014   0.327434
      0.66   0.221775   0.510878   0.309287
      0.67   0.217755   0.513534   0.305829
      0.68   0.210311   0.506359   0.297188
      0.69    0.20621   0.500809   0.292133
       0.7   0.198766   0.489149   0.282669
      0.71   0.187619   0.481702   0.270055
      0.72   0.186943     0.4811   0.269259
      0.73   0.184076   0.477807   0.265766
      0.74    0.18133     0.4839   0.263805
      0.75   0.179538   0.481949   0.261617
      0.76   0.178861   0.481448   0.260825
      0.77   0.176314   0.476712    0.25742
      0.78   0.175358   0.471889   0.255697
      0.79   0.169029   0.463918   0.247779
       0.8   0.166441   0.460738   0.244542
      0.81   0.165287   0.458095   0.242923
      0.82   0.164092   0.459095    0.24177
      0.83   0.162381   0.457198   0.239647
      0.84   0.159674   0.454813   0.236365
      0.85   0.159116   0.453649   0.235597
      0.86   0.158002   0.449304   0.233789
      0.87   0.155693   0.442095   0.230286
      0.88   0.152189   0.436605   0.225704
      0.89   0.144904   0.434469   0.217326
       0.9   0.142874     0.4317   0.214694
      0.91   0.140486   0.424628   0.211123
      0.92   0.139212   0.420259   0.209144
      0.93    0.13551   0.424749   0.205468
      0.94   0.131529   0.419026   0.200212
      0.95   0.125239   0.413194   0.192217
      0.96   0.121338   0.409836    0.18724
      0.97   0.118989   0.405694   0.184009
      0.98   0.118511    0.40024   0.182873
      0.99   0.113217   0.383663   0.174839
