         0          1   0.168956   0.289072
      0.01   0.941828   0.200459   0.330561
      0.02   0.941828   0.210531   0.344135
      0.03   0.939695   0.233062   0.373492
      0.04    0.93231    0.24946   0.393603
      0.05   0.929275     0.2578   0.403626
      0.06   0.923367   0.269736   0.417509
      0.07   0.918855   0.274997   0.423306
      0.08   0.907942   0.283497    0.43208
      0.09   0.895061   0.288026   0.435811
       0.1   0.889071   0.291231   0.438744
      0.11   0.872251   0.294498   0.440328
      0.12    0.86339   0.296127   0.440999
      0.13   0.856744   0.301765   0.446325
      0.14   0.848868   0.304423   0.448135
      0.15   0.834673   0.308799   0.450814
      0.16   0.824253   0.313194   0.453913
      0.17   0.814736   0.320322   0.459849
      0.18   0.808746   0.325911   0.464598
      0.19   0.800952   0.333582   0.471001
       0.2   0.796931   0.339155   0.475815
      0.21   0.787004   0.347957    0.48256
      0.22   0.773794   0.355775   0.487437
      0.23   0.764605   0.359757   0.489295
      0.24   0.745323   0.362237   0.487528
      0.25   0.736954     0.3637   0.487038
      0.26   0.714555   0.368357   0.486117
      0.27   0.700771   0.371212   0.485334
      0.28   0.673531   0.369881   0.477523
      0.29   0.656465   0.373701   0.476276
       0.3   0.639892   0.381295   0.477851
      0.31   0.615277   0.387322   0.475385
      0.32   0.602642   0.392053   0.475055
      0.33   0.588366   0.397973   0.474793
      0.34   0.585248    0.40315   0.477425
      0.35   0.568428   0.408505   0.475377
      0.36   0.557516   0.411302   0.473375
      0.37   0.543814    0.41729   0.472224
      0.38   0.533394   0.420162   0.470055
      0.39   0.523302   0.425219   0.469189
       0.4   0.518789   0.427291   0.468616
      0.41   0.508369   0.427184   0.464254
      0.42   0.501723   0.432895   0.464775
      0.43   0.498523   0.434316    0.46421
      0.44   0.483919   0.432345    0.45668
      0.45    0.47637   0.436069   0.455329
      0.46   0.466196   0.437715   0.451507
      0.47   0.460453   0.436683   0.448253
      0.48   0.452494   0.438285   0.445276
      0.49   0.446915   0.437333   0.442072
       0.5   0.435839   0.434735   0.435286
      0.51   0.427059   0.436932   0.431939
      0.52    0.42107   0.435185   0.428011
      0.53   0.411881   0.436158   0.423672
      0.54   0.405809   0.434915   0.419858
      0.55   0.392435   0.435637   0.412909
      0.56   0.388907   0.435432   0.410856
      0.57   0.385953   0.438679   0.410631
      0.58    0.37619   0.439194   0.405258
      0.59   0.357647   0.436217   0.393044
       0.6   0.353134   0.435859    0.39016
      0.61   0.347965   0.434139   0.386305
      0.62   0.331063   0.431291   0.374589
      0.63   0.325894    0.43359   0.372107
      0.64   0.307762   0.430924   0.359075
      0.65   0.302347   0.428706   0.354606
      0.66   0.287332   0.426279   0.343278
      0.67   0.278224   0.424742   0.336214
      0.68    0.26362   0.418478    0.32347
      0.69   0.259189   0.413948   0.318779
       0.7   0.237447   0.412833   0.301488
      0.71   0.228011   0.408685   0.292713
      0.72   0.216689   0.396277   0.280174
      0.73   0.204135    0.38764   0.267436
      0.74   0.189613   0.377415   0.252413
      0.75   0.163193   0.367834   0.226083
      0.76   0.153266   0.359272   0.214868
      0.77   0.149245   0.358752   0.210796
      0.78   0.142189   0.347985   0.201886
      0.79   0.137348   0.340952   0.195815
       0.8   0.131195   0.329365   0.187645
      0.81   0.117985   0.320833   0.172525
      0.82    0.10978   0.307359   0.161778
      0.83  0.0964883   0.277904   0.143243
      0.84  0.0768789   0.262255   0.118902
      0.85  0.0767968   0.265823   0.119166
      0.86  0.0739252   0.269972   0.116068
      0.87  0.0726945   0.271676   0.114698
      0.88  0.0707253   0.266467   0.111782
      0.89  0.0653922   0.255452   0.104129
       0.9  0.0639153   0.253165   0.102063
      0.91  0.0577617   0.248344  0.0937244
      0.92  0.0528389   0.237113  0.0864198
      0.93  0.0493928   0.221818  0.0807949
      0.94  0.0491467   0.218868   0.080269
      0.95  0.0472596   0.203187  0.0766833
      0.96  0.0399573   0.188525   0.065939
      0.97  0.0343781   0.170213  0.0572028
      0.98  0.0343781    0.17316  0.0573669
      0.99  0.0334755   0.166667  0.0557529
