         0          1   0.193017   0.323578
      0.01   0.900552   0.223679   0.358351
      0.02   0.900552   0.230815   0.367451
      0.03   0.900552   0.234333   0.371895
      0.04   0.899096   0.241795     0.3811
      0.05   0.895152   0.248765   0.389333
      0.06   0.894606   0.263338     0.4069
      0.07   0.892058   0.275087   0.420502
      0.08   0.884291   0.292878   0.440021
      0.09   0.873673   0.307958   0.455396
       0.1   0.868879   0.338894   0.487605
      0.11   0.854074   0.366684   0.513083
      0.12   0.847157   0.382444   0.526984
      0.13   0.834476   0.398539   0.539444
      0.14   0.819671   0.405912   0.542948
      0.15   0.801226   0.421981   0.552813
      0.16   0.791578   0.429688   0.557014
      0.17   0.769917   0.441635     0.5613
      0.18   0.761301   0.449264   0.565067
      0.19   0.746496   0.457143   0.567039
       0.2   0.731266   0.464156   0.567869
      0.21   0.712275   0.476021   0.570662
      0.22    0.69565   0.485959   0.572198
      0.23   0.670105   0.490485   0.566395
      0.24   0.648626      0.493   0.560206
      0.25   0.637522    0.49649   0.558236
      0.26   0.622535    0.50593   0.558208
      0.27   0.614404   0.515254   0.560478
      0.28   0.603543    0.51774   0.557359
      0.29   0.598022   0.517937   0.555106
       0.3   0.588739   0.523942   0.554454
      0.31   0.577999   0.524662    0.55004
      0.32   0.561374   0.522299   0.541132
      0.33   0.550027   0.519898   0.534538
      0.34   0.533341   0.516415   0.524742
      0.35   0.521995    0.51143   0.516659
      0.36   0.507554   0.507868   0.507711
      0.37   0.498271   0.505531   0.501875
      0.38   0.492203   0.498876   0.495517
      0.39   0.481342   0.493341   0.487268
       0.4   0.474607   0.490254   0.482304
      0.41   0.454038   0.475722   0.464627
      0.42     0.4291   0.463245   0.445519
      0.43   0.421212   0.456129   0.437976
      0.44   0.397609   0.442895   0.419032
      0.45   0.386324   0.434576   0.409032
      0.46   0.377162   0.432022   0.402732
      0.47   0.369638   0.428073   0.396715
      0.48   0.353195   0.416306   0.382162
      0.49   0.342516   0.411722   0.373944
       0.5   0.329167   0.400151   0.361204
      0.51   0.314544    0.39486   0.350155
      0.52   0.308658   0.387071   0.343446
      0.53   0.286936   0.374384   0.324879
      0.54    0.28008   0.371741   0.319466
      0.55   0.260239   0.369697   0.305458
      0.56   0.259996   0.373134   0.306457
      0.57   0.258722    0.38078   0.308103
      0.58   0.253565   0.380908   0.304457
      0.59   0.252291   0.379343   0.303038
       0.6   0.250046   0.381404   0.302062
      0.61   0.244949    0.38484   0.299358
      0.62   0.239791   0.384921   0.295498
      0.63   0.234877    0.38253   0.291048
      0.64   0.232996   0.382413   0.289565
      0.65   0.229416   0.386861   0.288027
      0.66   0.225229   0.386823   0.284694
      0.67   0.222741   0.389738   0.283473
      0.68   0.216188   0.391011   0.278433
      0.69   0.207572   0.390023   0.270946
       0.7   0.202779   0.387802   0.266308
      0.71   0.202597   0.386574   0.265861
      0.72   0.198774   0.384795   0.262136
      0.73   0.188763    0.37931   0.252079
      0.74   0.186943   0.380265   0.250658
      0.75   0.183363   0.379101   0.247173
      0.76   0.182635   0.378049   0.246288
      0.77   0.180268   0.377614   0.244036
      0.78   0.179965   0.377475   0.243729
      0.79   0.178509   0.373434   0.241551
       0.8   0.172987   0.371501   0.236056
      0.81   0.167587   0.364341   0.229575
      0.82   0.165463   0.357702   0.226263
      0.83   0.164432   0.356488   0.225055
      0.84    0.16067   0.352243    0.22068
      0.85   0.156483   0.353576    0.21695
      0.86   0.154056    0.35102   0.214133
      0.87   0.151386   0.347645   0.210924
      0.88   0.144105   0.341292   0.202646
      0.89   0.139312   0.336634   0.197069
       0.9   0.136521   0.332382   0.193546
      0.91   0.133123    0.32659   0.189147
      0.92   0.131485   0.323615   0.186994
      0.93   0.130453   0.322533   0.185769
      0.94   0.129786   0.321006   0.184839
      0.95   0.127601   0.318318   0.182176
      0.96   0.125174   0.316031   0.179322
      0.97   0.122687   0.311728   0.176076
      0.98   0.119896    0.30625   0.172326
      0.99   0.114071    0.29393   0.164357
