         0          1   0.282356    0.44037
      0.01   0.942173    0.27863   0.430074
      0.02   0.942173   0.278999   0.430513
      0.03   0.942061   0.279988   0.431678
      0.04   0.941554   0.283112   0.435328
      0.05   0.937387   0.286938   0.439381
      0.06    0.93491   0.294447   0.447847
      0.07   0.933277    0.30116   0.455375
      0.08   0.923818   0.310772   0.465088
      0.09   0.915146   0.318507   0.472549
       0.1   0.894989   0.327747   0.479792
      0.11   0.880236    0.33633   0.486698
      0.12    0.86982    0.34217   0.491136
      0.13    0.84634   0.349772   0.494981
      0.14   0.838288   0.354848   0.498627
      0.15   0.807095   0.362799   0.500581
      0.16   0.794482   0.367136   0.502201
      0.17   0.770552     0.3737   0.503307
      0.18   0.757939   0.376411   0.503014
      0.19   0.736092   0.382125   0.503085
       0.2   0.728153   0.386627   0.505075
      0.21   0.704899   0.390671   0.502722
      0.22   0.675788   0.396529   0.499795
      0.23   0.663119    0.40148   0.500149
      0.24    0.64009   0.409044   0.499126
      0.25    0.62134    0.41098   0.494727
      0.26   0.589414   0.416804   0.488304
      0.27   0.571002   0.418625   0.483082
      0.28   0.551464   0.427308   0.481511
      0.29   0.536261   0.432922   0.479082
       0.3   0.516667   0.434612   0.472101
      0.31   0.492342    0.43547   0.462163
      0.32   0.477421   0.437843   0.456776
      0.33   0.446622   0.440991   0.443788
      0.34   0.435417   0.448468   0.441846
      0.35   0.413795   0.454888    0.43337
      0.36   0.408615   0.462272   0.433791
      0.37   0.392511   0.462548   0.424662
      0.38   0.380462   0.463673   0.417966
      0.39   0.364809    0.47212   0.411585
       0.4   0.357376    0.47629   0.408352
      0.41   0.339471   0.483302   0.398815
      0.42   0.322185   0.485588   0.387359
      0.43   0.313457   0.489531    0.38219
      0.44   0.298761   0.497725   0.373392
      0.45   0.287275   0.497612    0.36426
      0.46   0.265484   0.503832   0.347736
      0.47   0.260698   0.507495   0.344452
      0.48   0.253547   0.517162   0.340271
      0.49   0.246059    0.51757   0.333546
       0.5   0.239189   0.524601   0.328569
      0.51   0.234009   0.524832   0.323692
      0.52   0.228491   0.522161   0.317881
      0.53   0.217286   0.521836   0.306817
      0.54   0.211092   0.523006   0.300784
      0.55   0.200901   0.521138   0.290004
      0.56   0.198311   0.521079   0.287287
      0.57   0.192117   0.520572   0.280658
      0.58   0.188682   0.523589     0.2774
      0.59   0.181475   0.537074   0.271284
       0.6   0.175282   0.540169   0.264677
      0.61   0.166836   0.547126     0.2557
      0.62   0.155574   0.557478   0.243262
      0.63   0.151689   0.561104   0.238817
      0.64   0.143919   0.561972   0.229153
      0.65   0.138851   0.564897   0.222911
      0.66   0.132207   0.567141   0.214429
      0.67    0.12241   0.557214   0.200724
      0.68   0.117849    0.55536   0.194438
      0.69   0.116892   0.562842   0.193581
       0.7   0.114583   0.571429   0.190889
      0.71   0.111261   0.568182   0.186084
      0.72   0.106363   0.571429   0.179343
      0.73   0.103378   0.581019   0.175526
      0.74  0.0983671   0.577017   0.168081
      0.75  0.0898649   0.583333   0.155738
      0.76  0.0832207   0.588076   0.145808
      0.77   0.081982   0.603989   0.144368
      0.78    0.08125   0.612426   0.143466
      0.79  0.0785473   0.629747   0.139673
       0.8  0.0774775    0.63245   0.138044
      0.81  0.0724662   0.658363   0.130561
      0.82  0.0692568   0.679245   0.125697
      0.83  0.0689189   0.676806   0.125099
      0.84  0.0688626     0.6875   0.125186
      0.85  0.0677365   0.683794   0.123263
      0.86  0.0673986   0.702479   0.122997
      0.87  0.0659347   0.721739   0.120831
      0.88  0.0634009   0.741627   0.116815
      0.89  0.0626126       0.75   0.115576
       0.9  0.0617117   0.764398   0.114203
      0.91  0.0588964   0.782857   0.109551
      0.92  0.0579955   0.789474   0.108053
      0.93  0.0571509    0.83871    0.10701
      0.94  0.0561374   0.852349   0.105337
      0.95  0.0558559   0.887324   0.105096
      0.96  0.0542793   0.883212   0.102273
      0.97  0.0525901   0.875969  0.0992232
      0.98  0.0504505   0.878049  0.0954184
      0.99  0.0484797   0.888889  0.0919448
