         0          1   0.230724    0.37494
      0.01   0.916145     0.2095   0.341018
      0.02   0.909968   0.208457   0.339207
      0.03   0.900406   0.207208   0.336888
      0.04   0.878575   0.206007   0.333756
      0.05   0.869521   0.206516   0.333762
      0.06   0.841513   0.207801   0.333298
      0.07   0.823067   0.209918   0.334519
      0.08   0.797005   0.214018   0.337428
      0.09   0.783212   0.217269   0.340172
       0.1   0.754104   0.222489   0.343602
      0.11   0.720596   0.229768   0.348435
      0.12   0.703249    0.23167   0.348526
      0.13    0.66898   0.234005   0.346727
      0.14   0.640294   0.236186   0.345082
      0.15   0.615502   0.239529   0.344854
      0.16   0.594601   0.240366   0.342341
      0.17   0.567439   0.241785   0.339086
      0.18   0.549332   0.243924   0.337836
      0.19   0.533001   0.247252   0.337802
       0.2   0.519631   0.247956   0.335716
      0.21   0.493569   0.249401   0.331363
      0.22   0.468523   0.252789   0.328395
      0.23   0.458792   0.254431   0.327333
      0.24   0.443561   0.257033   0.325466
      0.25    0.43036   0.257813   0.322455
      0.26   0.401168    0.25733    0.31354
      0.27    0.39296   0.258738   0.312027
      0.28   0.370283   0.257789   0.303962
      0.29   0.359367    0.25838   0.300619
       0.3   0.345828    0.26088   0.297407
      0.31   0.329413   0.261791   0.291734
      0.32   0.320274   0.261316   0.287807
      0.33   0.302928   0.266648   0.283632
      0.34   0.296751   0.271521   0.283576
      0.35   0.285412   0.278272   0.281797
      0.36   0.278727   0.279407   0.279067
      0.37   0.270943   0.287332   0.278897
      0.38   0.259773   0.287834   0.273085
      0.39   0.248688   0.290887   0.268138
       0.4   0.238873   0.291702   0.262657
      0.41   0.231173   0.297039   0.259999
      0.42   0.208242   0.299502   0.245671
      0.43   0.195718   0.305291   0.238523
      0.44   0.182772   0.315148   0.231363
      0.45   0.179726   0.322719   0.230875
      0.46    0.17228   0.327632   0.225817
      0.47   0.159333    0.33009   0.214924
      0.48   0.150872   0.331325   0.207333
      0.49   0.147572    0.33386   0.204674
       0.5   0.138264   0.333893   0.195551
      0.51   0.133102   0.342576   0.191716
      0.52   0.131156   0.352552   0.191187
      0.53   0.125063   0.360041   0.185642
      0.54   0.120325   0.366453   0.181164
      0.55   0.109748      0.376   0.169904
      0.56   0.107125   0.382212   0.167346
      0.57   0.103655   0.398438   0.164512
      0.58   0.100778   0.409655   0.161762
      0.59  0.0980707   0.419735   0.158993
       0.6  0.0972246   0.421133   0.157978
      0.61  0.0929937    0.41908   0.152212
      0.62  0.0852936   0.418386     0.1417
      0.63  0.0793705   0.415842   0.133299
      0.64  0.0706549    0.41978   0.120952
      0.65  0.0676933   0.407925   0.116118
      0.66   0.060924   0.405542   0.105934
      0.67  0.0583009   0.407507   0.102008
      0.68  0.0565239   0.404432  0.0991856
      0.69  0.0539008   0.415152  0.0954137
       0.7  0.0475546   0.405229  0.0851201
      0.71  0.0398545   0.400697  0.0724981
      0.72  0.0385006   0.413919  0.0704484
      0.73  0.0382467    0.43254  0.0702791
      0.74  0.0370621   0.430962  0.0682544
      0.75  0.0362159   0.454128  0.0670822
      0.76   0.035539   0.453271  0.0659103
      0.77  0.0350313   0.469388  0.0651969
      0.78  0.0340159   0.472826   0.063466
      0.79  0.0330005   0.476744  0.0617282
       0.8  0.0307159   0.469136  0.0576567
      0.81  0.0300389   0.452229  0.0563358
      0.82  0.0274158   0.460432  0.0517502
      0.83   0.027162   0.459259  0.0512904
      0.84   0.026485   0.480315  0.0502019
      0.85  0.0263158   0.495868  0.0499792
      0.86  0.0254696   0.495652  0.0484496
      0.87  0.0224234   0.513761  0.0429713
      0.88   0.022085   0.529412  0.0424011
      0.89  0.0219157   0.547368  0.0421441
       0.9  0.0215773   0.573034  0.0415885
      0.91  0.0212388   0.604938  0.0410368
      0.92  0.0207311       0.64  0.0401613
      0.93  0.0192926   0.641791  0.0374592
      0.94  0.0190388   0.666667  0.0370203
      0.95  0.0187003   0.689655  0.0364132
      0.96  0.0161618   0.709091  0.0316033
      0.97  0.0151464   0.730769  0.0296777
      0.98  0.0151464   0.787234  0.0297209
      0.99  0.0146387   0.785714  0.0287419
