         0          1   0.418411   0.589971
      0.01   0.919425   0.455411   0.609114
      0.02   0.919172    0.45912   0.612367
      0.03   0.919172   0.465062   0.617629
      0.04   0.918951   0.480224   0.630803
      0.05   0.918951   0.491206   0.640204
      0.06   0.918824   0.505517   0.652205
      0.07   0.917938   0.511903   0.657269
      0.08   0.913349    0.51804   0.661108
      0.09   0.911925     0.5224    0.66427
       0.1   0.910912   0.527007   0.667711
      0.11   0.908317   0.530794   0.670038
      0.12   0.905817   0.533642   0.671616
      0.13   0.901608   0.538418   0.674213
      0.14   0.897304   0.541013    0.67503
      0.15    0.89167   0.544394   0.676042
      0.16   0.888474   0.546394   0.676657
      0.17    0.88436    0.55002   0.678224
      0.18   0.880214   0.552029   0.678521
      0.19   0.868663    0.55478   0.677114
       0.2   0.862365   0.557641   0.677307
      0.21   0.854421   0.564937   0.680158
      0.22   0.845813   0.572105   0.682541
      0.23   0.832616   0.579663   0.683486
      0.24   0.814039   0.595367   0.687739
      0.25    0.80638   0.609128    0.69401
      0.26    0.79255   0.637731   0.706761
      0.27   0.778467    0.65332   0.710424
      0.28   0.762865   0.671181   0.714092
      0.29   0.752991   0.682715   0.716133
       0.3   0.737452   0.692991    0.71453
      0.31   0.723812   0.703219   0.713367
      0.32   0.712957   0.707204   0.710069
      0.33   0.694822    0.71866    0.70654
      0.34   0.684031   0.722741   0.702853
      0.35   0.669346   0.726143   0.696589
      0.36   0.659662   0.729159   0.692672
      0.37   0.642636   0.732583   0.684668
      0.38   0.630989   0.735217   0.679128
      0.39   0.620925   0.741969   0.676072
       0.4    0.60988   0.746256   0.671211
      0.41   0.595639    0.75439   0.665681
      0.42   0.584467   0.762297   0.661642
      0.43    0.57722   0.765239   0.658063
      0.44   0.564846   0.771309   0.652126
      0.45   0.561017   0.775597   0.651082
      0.46    0.54361   0.778318   0.640128
      0.47   0.534148    0.78304   0.635079
      0.48   0.520729   0.785605   0.626314
      0.49   0.513514   0.788302   0.621907
       0.5   0.501487   0.793085   0.614446
      0.51   0.492468   0.797901   0.609036
      0.52   0.488195    0.79913   0.606112
      0.53   0.478701   0.802438   0.599666
      0.54   0.474619   0.805991   0.597432
      0.55   0.465757   0.806983   0.590628
      0.56   0.459649   0.808773   0.586164
      0.57   0.451674   0.810897   0.580183
      0.58   0.449111   0.811415   0.578196
      0.59   0.444142   0.812892   0.574431
       0.6   0.441832    0.81429   0.572841
      0.61   0.438256   0.816289   0.570316
      0.62   0.432654   0.814896   0.565217
      0.63   0.429521   0.813682   0.562247
      0.64   0.424426   0.814295   0.558007
      0.65   0.418476   0.813488   0.552654
      0.66   0.411229   0.816024   0.546868
      0.67   0.404867   0.818425   0.541741
      0.68   0.401829   0.822673   0.539932
      0.69   0.398918   0.824315   0.537647
       0.7   0.394772   0.824513    0.53391
      0.71   0.389233   0.827451   0.529425
      0.72   0.386575   0.827872   0.527046
      0.73   0.382208   0.827953   0.522988
      0.74   0.379518   0.828508   0.520574
      0.75   0.369549   0.826449   0.510725
      0.76   0.365751   0.825287   0.506868
      0.77   0.360213   0.824472   0.501374
      0.78    0.35651   0.823669    0.49763
      0.79   0.347997   0.822912   0.489143
       0.8   0.343661   0.821385   0.484578
      0.81   0.334357   0.818638   0.474793
      0.82   0.326445   0.817521   0.466579
      0.83   0.322869   0.815744    0.46263
      0.84   0.311634   0.811304     0.4503
      0.85   0.304988   0.808917   0.442964
      0.86    0.29907   0.803463    0.43589
      0.87   0.293468   0.799713   0.429371
      0.88   0.283467   0.797251    0.41823
      0.89   0.281315   0.795127   0.415594
       0.9   0.271441   0.791667   0.404269
      0.91   0.260934   0.788104   0.392061
      0.92   0.255744   0.786255   0.385951
      0.93    0.25144   0.783889   0.380751
      0.94   0.245997   0.782955    0.37437
      0.95    0.24011   0.778621   0.367035
      0.96   0.234414   0.772672   0.359701
      0.97   0.225647   0.768797   0.348892
      0.98   0.222071   0.765156   0.344235
      0.99   0.211089   0.759788   0.330388
