         0          1   0.176689   0.300316
      0.01   0.937207    0.17102   0.289258
      0.02   0.937207   0.171558   0.290026
      0.03   0.936878   0.171851   0.290429
      0.04    0.93507   0.174919   0.294709
      0.05   0.931783   0.178519   0.299632
      0.06   0.925043   0.183427   0.306149
      0.07   0.917975   0.185905   0.309193
      0.08   0.906633   0.189776   0.313855
      0.09   0.901537   0.193859   0.319101
       0.1   0.895373   0.201392   0.328824
      0.11   0.885592   0.207581   0.336327
      0.12   0.876551   0.212689   0.342317
      0.13   0.866606   0.221438   0.352742
      0.14   0.850086   0.225221   0.356098
      0.15   0.835046   0.232697   0.363969
      0.16   0.813183   0.236372   0.366276
      0.17   0.789595   0.243862   0.372637
      0.18   0.779732   0.248297   0.376653
      0.19   0.750555   0.253433    0.37892
       0.2    0.72746   0.258424   0.381369
      0.21   0.701488   0.269136   0.389019
      0.22   0.677488   0.277465   0.393693
      0.23   0.659489   0.280083   0.393183
      0.24   0.627764   0.288993   0.395785
      0.25   0.607463   0.294851   0.397004
      0.26    0.58634   0.305514   0.401714
      0.27   0.571382   0.312022   0.403629
      0.28   0.544012   0.322314   0.404796
      0.29   0.528643   0.324105   0.401844
       0.3   0.515164    0.33006   0.402343
      0.31   0.494041    0.33517   0.399386
      0.32   0.479165    0.33555     0.3947
      0.33   0.461494   0.340269   0.391717
      0.34   0.447769   0.341586   0.387535
      0.35   0.434289   0.350464     0.3879
      0.36   0.422454   0.353487   0.384905
      0.37   0.405112    0.35546   0.378665
      0.38   0.391797   0.356823   0.373493
      0.39   0.371086   0.358564   0.364717
       0.4   0.362538   0.360018   0.361274
      0.41   0.346264   0.366495   0.356092
      0.42   0.333772   0.370114   0.351005
      0.43   0.325717   0.372368   0.347484
      0.44   0.309937   0.379761   0.341314
      0.45   0.296951   0.381275   0.333871
      0.46   0.280184   0.385392   0.324473
      0.47   0.276075   0.390319   0.323404
      0.48   0.259965   0.389527   0.311824
      0.49   0.253883   0.388343   0.307038
       0.5   0.241555   0.387895   0.297714
      0.51   0.231774   0.384068   0.289091
      0.52   0.227172   0.378634   0.283969
      0.53   0.212131   0.367223   0.268918
      0.54   0.198406   0.360695   0.255996
      0.55   0.175475     0.3475   0.233195
      0.56   0.165941   0.343373    0.22375
      0.57   0.151147   0.327273    0.20679
      0.58   0.132736   0.317073   0.187133
      0.59    0.12575   0.314906   0.179729
       0.6    0.12123   0.309572    0.17423
      0.61   0.109723   0.302275   0.161003
      0.62  0.0985452    0.28341   0.146241
      0.63  0.0947645   0.273159   0.140713
      0.64  0.0879428    0.25187   0.130367
      0.65  0.0816142   0.245547   0.122509
      0.66  0.0688748   0.234828    0.10651
      0.67  0.0687104   0.234818   0.106313
      0.68  0.0666557   0.229787   0.103336
      0.69   0.059834   0.227207   0.094723
       0.7  0.0583546   0.220544  0.0922898
      0.71  0.0570395   0.216981  0.0903326
      0.72  0.0562998   0.210697  0.0888565
      0.73  0.0518616   0.201709  0.0825092
      0.74  0.0504644   0.198582  0.0804775
      0.75  0.0488206   0.193609  0.0779781
      0.76  0.0470124   0.186275  0.0750768
      0.77  0.0461905   0.179592  0.0734817
      0.78   0.045533   0.179541  0.0726431
      0.79  0.0435605   0.175055  0.0697615
       0.8  0.0423276   0.171171  0.0678717
      0.81   0.037725   0.169492  0.0617139
      0.82  0.0359168   0.165375  0.0590162
      0.83  0.0338621   0.158038  0.0557738
      0.84  0.0292595   0.134503  0.0480633
      0.85  0.0242459   0.120846  0.0403885
      0.86  0.0202186   0.107595  0.0340405
      0.87  0.0198077   0.106109  0.0333836
      0.88  0.0198077   0.114583  0.0337765
      0.89  0.0189036   0.112319  0.0323608
       0.9  0.0155338  0.0968992  0.0267753
      0.91  0.0136435  0.0901288  0.0236994
      0.92  0.0136435  0.0945946  0.0238474
      0.93  0.0110134  0.0788177  0.0193263
      0.94  0.0070683   0.071066  0.0128578
      0.95 0.00542451  0.0572917 0.00991065
      0.96  0.0015616   0.048913 0.00302658
      0.97  0.0015616  0.0538922 0.00303525
      0.98  0.0015616  0.0542169 0.00303576
      0.99  0.0015616  0.0566038 0.00303935
