         0          1    0.32957   0.495755
      0.01   0.944175   0.361798   0.523135
      0.02   0.944175    0.38659    0.54857
      0.03   0.942898   0.393964   0.555732
      0.04   0.939239   0.404539   0.565508
      0.05   0.938218   0.407662   0.568366
      0.06   0.934559     0.4152    0.57496
      0.07   0.930517   0.422102    0.58076
      0.08   0.924815   0.436782   0.593336
      0.09   0.922007   0.446521   0.601662
       0.1    0.91439   0.462724   0.614488
      0.11   0.905497   0.479171   0.626703
      0.12   0.898349   0.492862   0.636513
      0.13   0.893498   0.510927   0.650105
      0.14   0.888861   0.523256    0.65873
      0.15   0.875245   0.545801   0.672335
      0.16   0.868479   0.560225   0.681098
      0.17    0.86082    0.58073   0.693565
      0.18   0.856225   0.592428   0.700308
      0.19   0.844822   0.609162   0.707894
       0.2   0.836525   0.619923   0.712117
      0.21   0.820483    0.63269   0.714452
      0.22   0.809761   0.643698   0.717243
      0.23   0.798145   0.647735   0.715116
      0.24   0.779976   0.653671    0.71126
      0.25   0.764743   0.658054   0.707399
      0.26   0.745511    0.65903   0.699608
      0.27   0.727257   0.660509   0.692278
      0.28    0.71879   0.666667   0.691748
      0.29   0.708025   0.669176   0.688052
       0.3   0.691771   0.673023   0.682268
      0.31   0.678878   0.678728   0.678803
      0.32   0.665603   0.680778   0.673105
      0.33   0.651817   0.685683   0.668321
      0.34   0.643094   0.688819   0.665172
      0.35    0.63301   0.693863   0.662041
      0.36   0.626117   0.699025   0.660565
      0.37   0.607395   0.703156   0.651777
      0.38   0.600885   0.705424   0.648972
      0.39   0.589014   0.710307   0.643999
       0.4   0.580334   0.711796   0.639377
      0.41   0.572845   0.716314   0.636596
      0.42   0.559995   0.717978   0.629222
      0.43   0.553825   0.720644   0.626317
      0.44   0.542592   0.725982   0.621031
      0.45   0.536252   0.725514   0.616689
      0.46    0.52536   0.728635   0.610522
      0.47    0.51702   0.729987   0.605318
      0.48   0.492554    0.73065   0.588429
      0.49   0.481619   0.730647   0.580555
       0.5   0.451238    0.72839   0.557256
      0.51   0.435154   0.730363   0.545373
      0.52   0.419028   0.730242   0.532498
      0.53   0.402476   0.728499   0.518497
      0.54   0.389797   0.727746   0.507673
      0.55   0.364905   0.729817   0.486542
      0.56   0.349417   0.727187   0.472024
      0.57   0.328951   0.729042   0.453347
      0.58   0.322185   0.734884   0.447972
      0.59   0.309463     0.7369   0.435878
       0.6   0.296783   0.747423   0.424864
      0.61   0.283678   0.753474   0.412175
      0.62    0.26202   0.764133   0.390231
      0.63   0.254659   0.771215   0.382887
      0.64   0.239597   0.776741   0.366226
      0.65   0.232236   0.782222   0.358142
      0.66   0.223002   0.790008   0.347822
      0.67    0.21662   0.794892   0.340459
      0.68   0.203217   0.803497    0.32439
      0.69   0.202323    0.80916   0.323707
       0.7    0.19994   0.826821   0.322012
      0.71   0.195728   0.844424   0.317795
      0.72    0.19343     0.8516   0.315255
      0.73   0.188452   0.862069   0.309292
      0.74   0.185644   0.867786   0.305856
      0.75   0.178921   0.872197    0.29693
      0.76   0.173092   0.871152   0.288801
      0.77   0.168496   0.877551    0.28271
      0.78   0.158242   0.881841   0.268333
      0.79   0.153306   0.899604   0.261969
       0.8   0.149136   0.908966   0.256232
      0.81   0.141775     0.9163   0.245556
      0.82   0.137478   0.926562    0.23943
      0.83   0.133733    0.92562   0.233701
      0.84   0.127308   0.938704   0.224209
      0.85   0.125096   0.938849   0.220775
      0.86   0.121734   0.946667   0.215728
      0.87   0.117777   0.948207   0.209529
      0.88   0.111395   0.946695   0.199334
      0.89    0.10765    0.94843   0.193354
       0.9   0.102544   0.964029   0.185371
      0.91   0.098715   0.969773    0.17919
      0.92  0.0939495   0.970588   0.171316
      0.93  0.0899923   0.974432   0.164768
      0.94  0.0887159   0.982196   0.162733
      0.95  0.0858225   0.987302   0.157918
      0.96  0.0834823    0.99661    0.15406
      0.97  0.0775679          1   0.143968
      0.98  0.0713131          1   0.133132
      0.99  0.0664624          1   0.124641
