         0          1   0.173626   0.295879
      0.01   0.927532   0.238386   0.379291
      0.02   0.921905   0.301278   0.454143
      0.03   0.914726   0.356031   0.512561
      0.04    0.89222   0.429853   0.580184
      0.05   0.877086   0.480792    0.62111
      0.06   0.837117   0.545981   0.660907
      0.07   0.810244   0.565247   0.665927
      0.08   0.779201   0.573841   0.660937
      0.09   0.766395   0.580346   0.660519
       0.1   0.746605   0.577718   0.651392
      0.11    0.72953   0.566082   0.637497
      0.12   0.722837   0.563768   0.633469
      0.13   0.713912   0.562749   0.629381
      0.14    0.70683   0.561111   0.625597
      0.15   0.701882   0.559408   0.622598
      0.16   0.698584   0.557889   0.620359
      0.17   0.695576   0.556531   0.618333
      0.18   0.692957   0.556535   0.617299
      0.19    0.68539   0.554393   0.612971
       0.2   0.684517   0.555964    0.61358
      0.21   0.682965   0.557611   0.613955
      0.22   0.680442   0.557856   0.613081
      0.23   0.679181   0.557631   0.612433
      0.24   0.673458   0.557351   0.609928
      0.25   0.673458   0.558505   0.610618
      0.26   0.664532   0.559276   0.607378
      0.27   0.663174   0.559912   0.607184
      0.28   0.659003   0.561139   0.606146
      0.29   0.652697   0.559303   0.602402
       0.3   0.651339   0.561364   0.603013
      0.31   0.650175   0.561785   0.602757
      0.32   0.647361   0.559839   0.600427
      0.33   0.641153    0.55795   0.596665
      0.34   0.640279   0.557243   0.595882
      0.35    0.63766   0.554572   0.593221
      0.36   0.636205   0.551929   0.591078
      0.37   0.632324   0.548503   0.587439
      0.38   0.623981   0.545564   0.582144
      0.39   0.617482   0.540673    0.57653
       0.4   0.608653   0.538177    0.57125
      0.41   0.600019    0.53607   0.566245
      0.42   0.597594   0.531152   0.562417
      0.43   0.586729   0.528553   0.556124
      0.44   0.572274   0.522388   0.546194
      0.45   0.568005   0.521228   0.543612
      0.46   0.555685   0.518176   0.536275
      0.47   0.552969     0.5166   0.534166
      0.48   0.542394   0.516129   0.528936
      0.49   0.536671   0.513514   0.524837
       0.5   0.531044   0.510609   0.520626
      0.51    0.52144   0.507981   0.514622
      0.52   0.520761   0.506629   0.513598
      0.53   0.513097   0.502477   0.507731
      0.54   0.512418   0.503198   0.507766
      0.55   0.498836    0.49964   0.499238
      0.56   0.494082   0.500364   0.497203
      0.57   0.480695    0.49816   0.489272
      0.58   0.478366   0.499628   0.488766
      0.59    0.47274    0.49924   0.485629
       0.6   0.469732   0.500774   0.484757
      0.61   0.453143    0.49921   0.475062
      0.62   0.445867   0.497995   0.470492
      0.63   0.445188   0.498392    0.47029
      0.64   0.439464   0.497969   0.466891
      0.65   0.435972   0.497529   0.464721
      0.66   0.428405   0.494542   0.459104
      0.67   0.421905   0.494007   0.455118
      0.68   0.404443   0.486222   0.441578
      0.69   0.389794   0.482257   0.431124
       0.7   0.374563   0.477486   0.419808
      0.71   0.360497    0.46757   0.407111
      0.72   0.338669   0.458458   0.389563
      0.73   0.314319   0.443038    0.36774
      0.74   0.295887   0.431965   0.351205
      0.75   0.276387   0.419429   0.333205
      0.76   0.257955   0.415162   0.318201
      0.77   0.234284   0.392105   0.293313
      0.78   0.209352   0.377119    0.26924
      0.79   0.181704       0.36   0.241509
       0.8   0.165697   0.338188   0.222418
      0.81   0.145615   0.299475   0.195952
      0.82     0.1039   0.238189   0.144686
      0.83  0.0895421   0.224359   0.127999
      0.84  0.0771246   0.208543   0.112605
      0.85  0.0743112   0.222535   0.111417
      0.86  0.0571401   0.215434  0.0903235
      0.87  0.0511253        0.2   0.081434
      0.88  0.0463718   0.194444  0.0748847
      0.89  0.0422972   0.176991  0.0682776
       0.9  0.0281335   0.130682  0.0462995
      0.91  0.0200815  0.0963855   0.033238
      0.92  0.0129026  0.0884354  0.0225196
      0.93 0.00911913  0.0530303  0.0155622
      0.94 0.00834303  0.0336134   0.013368
      0.95          0          0          0
      0.96          0          0          0
      0.97          0          0          0
      0.98          0          0          0
      0.99          0          0          0
