         0          1   0.331079    0.49746
      0.01    0.94061   0.303241   0.458626
      0.02   0.940528   0.303217   0.458589
      0.03   0.940528   0.303359   0.458752
      0.04    0.94032    0.30345   0.458831
      0.05   0.939947   0.303571   0.458925
      0.06    0.93779   0.303472   0.458554
      0.07   0.936131   0.303229   0.458078
      0.08   0.932772   0.302985   0.457397
      0.09   0.930781    0.30296   0.457129
       0.1   0.928127   0.303506   0.457429
      0.11   0.926883   0.303967     0.4578
      0.12    0.92539   0.304409   0.458119
      0.13   0.922736   0.305764   0.459324
      0.14   0.919957   0.306303   0.459585
      0.15   0.914068   0.308874   0.461725
      0.16   0.911828    0.31009   0.462795
      0.17   0.909008   0.312422   0.465019
      0.18   0.904529   0.314368   0.466577
      0.19   0.898391   0.316983    0.46862
       0.2   0.894741   0.319053   0.470377
      0.21   0.885576   0.321791   0.472052
      0.22   0.878608   0.324506    0.47396
      0.23   0.875166   0.326308   0.475372
      0.24   0.866208    0.32861   0.476465
      0.25   0.864424    0.33064   0.478323
      0.26    0.85783   0.334045   0.480845
      0.27   0.854139   0.337068   0.483381
      0.28   0.850241   0.341283   0.487062
      0.29   0.845637   0.343835   0.488888
       0.3   0.836513   0.346574   0.490097
      0.31   0.826352    0.34912    0.49086
      0.32   0.817726   0.351173    0.49134
      0.33   0.803791   0.354208   0.491726
      0.34   0.793256   0.356357   0.491787
      0.35   0.781105   0.357359   0.490371
      0.36   0.774179   0.358773    0.49032
      0.37   0.764764   0.361814   0.491226
      0.38   0.754396   0.365393   0.492327
      0.39   0.741705   0.368715   0.492567
       0.4   0.736148   0.371486   0.493789
      0.41   0.726111   0.376363    0.49576
      0.42   0.712384   0.382395   0.497657
      0.43   0.707946   0.387888   0.501178
      0.44   0.693306   0.393116   0.501738
      0.45   0.679579   0.396837   0.501074
      0.46   0.663694   0.403046   0.501527
      0.47    0.65652   0.408637   0.503735
      0.48   0.642502   0.416094   0.505086
      0.49   0.631926   0.420911   0.505272
       0.5   0.615876   0.427788   0.504883
      0.51   0.601609   0.434968   0.504894
      0.52   0.591116   0.439862   0.504394
      0.53   0.573822   0.448442   0.503443
      0.54   0.565113    0.45306   0.502921
      0.55   0.554827   0.462489   0.504468
      0.56   0.541846   0.468616   0.502578
      0.57   0.524552   0.475703   0.498935
      0.58   0.509912   0.480793   0.494925
      0.59   0.491871   0.488015   0.489935
       0.6   0.479844   0.492042   0.485867
      0.61   0.463587    0.49929   0.480777
      0.62   0.454545   0.506984   0.479335
      0.63   0.447993   0.512105   0.477908
      0.64   0.433975   0.520887   0.473475
      0.65   0.428334   0.527067   0.472599
      0.66   0.415727    0.53838    0.46917
      0.67   0.408552    0.54789   0.468071
      0.68   0.396898   0.558401   0.463998
      0.69   0.389059   0.561721   0.459713
       0.7   0.374834   0.568644   0.451833
      0.71   0.362102   0.574249   0.444142
      0.72   0.353144    0.57563   0.437739
      0.73   0.341697   0.580629   0.430215
      0.74   0.332158   0.583164   0.423245
      0.75   0.320007   0.582483   0.413076
      0.76   0.313744   0.591343   0.409973
      0.77    0.29757   0.592326   0.396132
      0.78   0.283842   0.590881   0.383474
      0.79   0.276418   0.591419   0.376751
       0.8   0.269409   0.593103   0.370517
      0.81   0.250498   0.596582   0.352842
      0.82   0.240461   0.592796   0.342138
      0.83    0.23113   0.593165   0.332643
      0.84   0.218315   0.592943   0.319129
      0.85   0.214872   0.598573   0.316227
      0.86    0.20185   0.602662   0.302412
      0.87    0.19708   0.606654    0.29751
      0.88   0.182896    0.60021   0.280361
      0.89   0.176717   0.599781   0.272999
       0.9   0.169708    0.59342   0.263935
      0.91   0.158386   0.586902   0.249453
      0.92   0.151584   0.583113   0.240618
      0.93   0.139101   0.573654   0.223908
      0.94   0.133543   0.579259   0.217048
      0.95   0.126576   0.574841   0.207469
      0.96   0.117576   0.569024   0.194884
      0.97   0.108203   0.564982   0.181623
      0.98   0.107084   0.568224   0.180207
      0.99   0.100987   0.568507   0.171508
