         0          1   0.393948   0.565226
      0.01   0.948925    0.39158   0.554388
      0.02   0.948925   0.391652    0.55446
      0.03   0.948854   0.391884    0.55468
      0.04   0.947828   0.393713   0.556334
      0.05   0.947439    0.39691    0.55945
      0.06   0.946024   0.403366    0.56558
      0.07   0.944999   0.407287   0.569237
      0.08   0.936969   0.411174   0.571537
      0.09   0.928905    0.41529   0.573972
       0.1   0.915499   0.422954   0.578599
      0.11   0.898132   0.430607   0.582119
      0.12    0.87974   0.432586   0.579983
      0.13   0.843662   0.441264   0.579454
      0.14   0.822793    0.44739   0.579616
      0.15   0.791207   0.458046   0.580201
      0.16   0.769701   0.464675   0.579501
      0.17   0.736418   0.469821   0.573659
      0.18   0.715089   0.475607   0.571265
      0.19   0.684847   0.484697   0.567646
       0.2   0.663094   0.486937   0.561524
      0.21    0.62783   0.494337   0.553143
      0.22    0.58825   0.498062   0.539412
      0.23   0.560095   0.503495   0.530289
      0.24   0.525219   0.510652   0.517833
      0.25   0.499363   0.513149   0.506162
      0.26    0.45706   0.516032   0.484759
      0.27   0.438349   0.518509   0.475071
      0.28   0.399229   0.526537   0.454129
      0.29   0.377228   0.532497   0.441612
       0.3   0.355263   0.536456   0.427451
      0.31    0.32824    0.54492   0.409695
      0.32   0.307336   0.545111   0.393062
      0.33   0.284593   0.542103   0.373241
      0.34   0.270055   0.539737   0.359991
      0.35   0.244341   0.533333   0.335141
      0.36   0.229061   0.526857     0.3193
      0.37   0.206353    0.51696   0.294965
      0.38   0.193053   0.511643   0.280332
      0.39   0.180461   0.507559   0.266256
       0.4   0.171866   0.509623   0.257046
      0.41   0.160831   0.507475   0.244252
      0.42   0.151245   0.508123   0.233105
      0.43   0.147531   0.501894   0.228032
      0.44   0.136743   0.490683   0.213882
      0.45   0.124363   0.486188   0.198063
      0.46   0.109649   0.469512    0.17778
      0.47  0.0984012   0.465385   0.162453
      0.48  0.0865874   0.458515   0.145667
      0.49  0.0830504   0.452566   0.140346
       0.5   0.077002   0.455674   0.131742
      0.51  0.0673458   0.461066   0.117525
      0.52  0.0645869   0.471239   0.113604
      0.53  0.0550014   0.466165  0.0983937
      0.54  0.0509338   0.475676  0.0920149
      0.55  0.0424095   0.484177  0.0779879
      0.56  0.0409239   0.489583  0.0755339
      0.57  0.0375637   0.490196  0.0697801
      0.58  0.0325057   0.482906  0.0609112
      0.59  0.0305603    0.50237  0.0576157
       0.6  0.0272354   0.518919  0.0517545
      0.61  0.0235569   0.478261  0.0449021
      0.62  0.0168718   0.462069  0.0325549
      0.63  0.0161644   0.463235  0.0312387
      0.64   0.015174   0.487395  0.0294318
      0.65  0.0145727    0.45098  0.0282331
      0.66  0.0126273   0.424658  0.0245254
      0.67  0.0116723   0.473684  0.0227832
      0.68  0.0103636   0.413043  0.0202199
      0.69 0.00813526   0.365854  0.0159166
       0.7 0.00732173   0.305556  0.0143008
      0.71 0.00304188   0.142857 0.00595692
      0.72 0.00219298       0.05 0.00420168
      0.73          0          0          0
      0.74          0          0          0
      0.75          0          0          0
      0.76          0          0          0
      0.77          0          0          0
      0.78          0          0          0
      0.79          0          0          0
       0.8          0          0          0
      0.81          0          0          0
      0.82          0          0          0
      0.83          0          0          0
      0.84          0          0          0
      0.85          0          0          0
      0.86          0          0          0
      0.87          0          0          0
      0.88          0          0          0
      0.89          0          0          0
       0.9          0          0          0
      0.91          0          0          0
      0.92          0          0          0
      0.93          0          0          0
      0.94          0          0          0
      0.95          0          0          0
      0.96          0          0          0
      0.97          0          0          0
      0.98          0          0          0
      0.99          0          0          0
