         0          1   0.214804   0.353644
      0.01   0.909831   0.265163   0.410647
      0.02   0.909457   0.406841    0.56219
      0.03   0.905501   0.427012   0.580346
      0.04   0.898485    0.46425   0.612183
      0.05   0.894603   0.471879   0.617856
      0.06   0.863999   0.499404   0.632952
      0.07   0.845115   0.510085   0.636187
      0.08   0.826902   0.625496   0.712234
      0.09   0.815033   0.639978   0.716975
       0.1   0.787639   0.648241   0.711174
      0.11   0.770396   0.663351   0.712878
      0.12    0.75502   0.670528    0.71027
      0.13   0.743898   0.679359   0.710165
      0.14   0.739345   0.683726   0.710448
      0.15     0.7277   0.690366   0.708542
      0.16   0.715608    0.69578   0.705555
      0.17   0.698365   0.702079   0.700217
      0.18   0.687841   0.710105   0.698796
      0.19   0.670299   0.712016   0.690528
       0.2   0.655371   0.717667   0.685106
      0.21   0.638203   0.723451   0.678158
      0.22   0.623349   0.731019   0.672904
      0.23     0.6126   0.736641   0.668919
      0.24    0.59797   0.752792   0.666508
      0.25   0.590057    0.76128   0.664821
      0.26   0.579533   0.772702    0.66232
      0.27   0.569307   0.783659   0.659503
      0.28    0.54863   0.797314   0.649998
      0.29   0.534896   0.806452   0.643186
       0.3   0.525565   0.827401   0.642815
      0.31   0.508323   0.835821   0.632175
      0.32    0.50056   0.839971   0.627297
      0.33   0.480257   0.841738   0.611576
      0.34   0.463611   0.843296     0.5983
      0.35   0.437486   0.851596   0.578026
      0.36   0.418974   0.862385   0.563959
      0.37   0.389192   0.860511   0.535973
      0.38   0.374935   0.863777   0.522898
      0.39   0.361573   0.868251   0.510539
       0.4   0.347391   0.870246   0.496561
      0.41   0.330522   0.880526    0.48063
      0.42   0.326566     0.8867   0.477333
      0.43   0.320818   0.890566   0.471708
      0.44   0.313652    0.89895   0.465046
      0.45   0.312458   0.904255   0.464434
      0.46   0.306263   0.906336   0.457821
      0.47   0.304173   0.906031   0.455444
      0.48   0.297455    0.90407   0.447631
      0.49   0.291409   0.902549   0.440569
       0.5   0.274539     0.8992   0.420648
      0.51   0.260058   0.902521   0.403771
      0.52   0.255654   0.902397   0.398431
      0.53   0.252519   0.901235   0.394502
      0.54    0.24819   0.898551   0.388948
      0.55   0.244756   0.906015   0.385399
      0.56   0.241248   0.905769   0.381014
      0.57   0.234978      0.904   0.373001
      0.58   0.231694    0.90625   0.369038
      0.59   0.222363   0.910284   0.357417
       0.6   0.215645   0.910138   0.348676
      0.61   0.210047   0.908654   0.341217
      0.62   0.205867    0.90796   0.335634
      0.63   0.201239   0.917949   0.330109
      0.64   0.193551   0.917808   0.319685
      0.65   0.188326   0.919308   0.312611
      0.66   0.178174   0.917933   0.298423
      0.67   0.174218   0.915625   0.292737
      0.68   0.168993   0.915033   0.285296
      0.69   0.167052   0.912752   0.282417
       0.7   0.161678   0.917857   0.274928
      0.71   0.152273    0.91954   0.261279
      0.72   0.138762   0.919355    0.24113
      0.73   0.133911   0.922747    0.23388
      0.74   0.124207   0.926267   0.219042
      0.75   0.118833   0.949495   0.211229
      0.76    0.11204   0.977528   0.201038
      0.77   0.102933   0.986577   0.186417
      0.78  0.0930805   0.992754   0.170203
      0.79  0.0887512          1   0.163033
       0.8  0.0815854          1   0.150863
      0.81   0.068896          1   0.128911
      0.82  0.0594909          1   0.112301
      0.83  0.0588938          1   0.111236
      0.84  0.0474733          1  0.0906435
      0.85  0.0455326          1  0.0870993
      0.86   0.044189          1  0.0846379
      0.87  0.0437411          1  0.0838161
      0.88  0.0437411          1  0.0838161
      0.89  0.0418004          1  0.0802465
       0.9  0.0380682          1  0.0733444
      0.91  0.0380682          1  0.0733444
      0.92  0.0376204          1  0.0725128
      0.93  0.0376204          1  0.0725128
      0.94  0.0376204          1  0.0725128
      0.95  0.0376204          1  0.0725128
      0.96  0.0370979          1  0.0715417
      0.97  0.0307532          1  0.0596712
      0.98  0.0306039          1  0.0593902
      0.99  0.0297081          1  0.0577021
