         0          1   0.364376   0.534128
      0.01   0.958456   0.366591   0.530338
      0.02   0.958456   0.367634   0.531429
      0.03   0.958146   0.368942   0.532746
      0.04     0.9554   0.371808   0.535297
      0.05   0.953639   0.375876   0.539219
      0.06   0.949081   0.382233    0.54498
      0.07   0.942916   0.386525   0.548292
      0.08    0.93152    0.39349    0.55327
      0.09   0.923491   0.398472   0.556726
       0.1   0.908107   0.408338   0.563358
      0.11   0.896607   0.420026   0.572063
      0.12   0.887853   0.425079   0.574908
      0.13   0.867081   0.433587   0.578095
      0.14   0.854597   0.437395   0.578636
      0.15   0.833256   0.446655   0.581569
      0.16   0.818493    0.45224   0.582585
      0.17   0.791039   0.459094   0.580996
      0.18   0.777933   0.465301   0.582309
      0.19   0.756436    0.47463   0.583279
       0.2   0.744937   0.481521   0.584941
      0.21   0.718001    0.49127    0.58338
      0.22   0.695882   0.499667   0.581673
      0.23   0.683605   0.504834   0.580774
      0.24    0.66159   0.509531   0.575689
      0.25   0.645325   0.513849   0.572131
      0.26   0.616421   0.521988   0.565288
      0.27   0.600932   0.528086   0.562159
      0.28   0.582129     0.5362   0.558222
      0.29   0.571251   0.544215   0.557405
       0.3    0.54618   0.553084    0.54961
      0.31   0.524942   0.561808   0.542749
      0.32   0.506864   0.566046   0.534823
      0.33   0.479565   0.575091   0.523002
      0.34    0.46677   0.581818   0.517983
      0.35   0.447397   0.597312   0.511598
      0.36   0.433359   0.604208   0.504717
      0.37   0.419321   0.615886   0.498942
      0.38   0.412846   0.622011   0.496291
      0.39   0.397824    0.62987    0.48765
       0.4   0.388915   0.638936   0.483517
      0.41   0.375758   0.650357   0.476314
      0.42   0.359803   0.657744   0.465155
      0.43   0.344781   0.662698   0.453579
      0.44   0.331935   0.673158   0.444625
      0.45   0.314789    0.67942   0.430239
      0.46   0.300596   0.682825   0.417429
      0.47   0.295312   0.688187   0.413279
      0.48   0.288164   0.696742   0.407705
      0.49   0.282932   0.701973   0.403309
       0.5    0.27309   0.706233   0.393874
      0.51   0.259259   0.712984    0.38025
      0.52   0.252888   0.715629   0.373713
      0.53   0.245739   0.727273   0.367353
      0.54   0.240663   0.729592   0.361937
      0.55   0.233566   0.738368   0.354876
      0.56    0.22533   0.745098   0.346019
      0.57   0.216058   0.756996   0.336168
      0.58   0.213002   0.764438    0.33317
      0.59   0.208392   0.776621   0.328608
       0.6   0.204973   0.779339   0.324579
      0.61   0.199171   0.783854   0.317634
      0.62   0.190987   0.789901     0.3076
      0.63   0.186532   0.790308   0.301826
      0.64   0.182336    0.79351   0.296534
      0.65   0.179332   0.795156    0.29266
      0.66   0.172546   0.795117   0.283558
      0.67   0.164672    0.79402   0.272774
      0.68    0.15079   0.800236   0.253763
      0.69   0.148511   0.799514   0.250492
       0.7   0.144108   0.798962   0.244174
      0.71   0.136597   0.795014   0.233137
      0.72   0.131002   0.793605   0.224883
      0.73    0.12028   0.788991   0.208738
      0.74   0.113598   0.786054   0.198507
      0.75    0.11049   0.786424   0.193757
      0.76   0.105569   0.785467   0.186122
      0.77   0.102771   0.783883   0.181718
      0.78   0.100855   0.785851   0.178767
      0.79  0.0940171   0.801653   0.168297
       0.8  0.0927221   0.802998   0.166248
      0.81  0.0884227   0.795824   0.159161
      0.82  0.0849521   0.789604     0.1534
      0.83  0.0818959   0.787724   0.148367
      0.84  0.0774411   0.789041    0.14104
      0.85  0.0759907   0.792023   0.138676
      0.86  0.0712769   0.787692   0.130725
      0.87  0.0699301   0.785256   0.128424
      0.88  0.0673919   0.786942   0.124152
      0.89  0.0667703   0.784946   0.123072
       0.9  0.0637659   0.785441   0.117956
      0.91  0.0576017   0.804167   0.107503
      0.92  0.0571873   0.807692   0.106812
      0.93  0.0541829    0.80543   0.101535
      0.94  0.0532505   0.804762  0.0998912
      0.95  0.0509195    0.78866  0.0956625
      0.96  0.0463092   0.774725  0.0873945
      0.97  0.0414918   0.760234   0.078689
      0.98  0.0400414   0.751515  0.0760318
      0.99  0.0360528   0.733766  0.0687288
