         0          1   0.361785    0.53134
      0.01   0.943044   0.363483   0.524721
      0.02   0.943044   0.364209   0.525477
      0.03   0.943013   0.365133   0.526432
      0.04   0.942202   0.368308   0.529596
      0.05   0.940518   0.372065   0.533198
      0.06     0.9369   0.380142    0.54084
      0.07    0.93325   0.386798   0.546918
      0.08   0.925234   0.400418    0.55894
      0.09   0.919838   0.409094    0.56632
       0.1   0.908921   0.421965   0.576357
      0.11   0.898316   0.436382   0.587412
      0.12   0.885028   0.444848   0.592089
      0.13   0.867904   0.458745   0.600229
      0.14   0.851871   0.467904   0.604033
      0.15   0.817093   0.475128   0.600863
      0.16   0.800624   0.484823   0.603931
      0.17   0.775172   0.494342   0.603695
      0.18   0.752527   0.498916   0.600024
      0.19   0.714629    0.50779    0.59371
       0.2   0.700655   0.516368   0.594559
      0.21   0.674361   0.530813   0.594038
      0.22   0.650967   0.546737   0.594316
      0.23   0.639395   0.553208   0.593187
      0.24   0.613381   0.560397   0.585693
      0.25   0.602495   0.565942   0.583647
      0.26   0.578634   0.574032   0.576324
      0.27   0.567218   0.580928   0.573991
      0.28   0.539956   0.590979   0.564317
      0.29   0.524953   0.596458   0.558426
       0.3   0.503525   0.607781   0.550762
      0.31   0.483999   0.616687   0.542345
      0.32   0.467935   0.617062    0.53225
      0.33   0.448378   0.620116   0.520445
      0.34    0.44136   0.620979   0.515985
      0.35   0.426513   0.621363   0.505822
      0.36    0.41753   0.623615   0.500176
      0.37   0.408266   0.634225   0.496757
      0.38   0.397473   0.639219    0.49016
      0.39   0.381815   0.644902   0.479652
       0.4   0.375983   0.647926   0.475841
      0.41   0.365876   0.648077   0.467706
      0.42   0.352152   0.646613   0.455975
      0.43   0.346787   0.650313   0.452352
      0.44   0.333812   0.649258   0.440925
      0.45   0.330162   0.651952    0.43834
      0.46   0.310699   0.649112   0.420246
      0.47   0.305178   0.651802   0.415715
      0.48   0.294947   0.651592    0.40608
      0.49   0.291329   0.649089   0.402158
       0.5   0.282907   0.647963   0.393854
      0.51   0.274828    0.64669    0.38573
      0.52   0.269276   0.648148    0.38048
      0.53   0.256363   0.644018   0.366739
      0.54       0.25   0.643182   0.360051
      0.55   0.243231   0.643868   0.353081
      0.56    0.23821    0.64739   0.348271
      0.57   0.226014       0.65   0.335403
      0.58   0.224454   0.655877   0.334452
      0.59   0.219339   0.662533    0.32957
       0.6   0.210512   0.666362   0.319948
      0.61   0.206956   0.671656   0.316415
      0.62   0.200405   0.682126   0.309795
      0.63   0.199345    0.69003   0.309327
      0.64   0.197473   0.698381   0.307889
      0.65    0.19582   0.701538   0.306177
      0.66   0.194354   0.719317   0.306023
      0.67   0.192452   0.722826   0.303971
      0.68   0.190986   0.730425   0.302798
      0.69   0.189426   0.734393    0.30117
       0.7   0.186868   0.747642   0.299003
      0.71   0.183749   0.760098   0.295953
      0.72   0.181285    0.76537   0.293138
      0.73   0.176388   0.775907   0.287433
      0.74   0.175827   0.781746   0.287084
      0.75   0.173051   0.796448   0.284324
      0.76   0.171335   0.801953   0.282347
      0.77    0.16912   0.809456   0.279785
      0.78   0.167935   0.819912   0.278772
      0.79   0.162227   0.820628   0.270901
       0.8   0.159825   0.829493   0.268011
      0.81   0.157954   0.832551    0.26553
      0.82   0.154055   0.837359   0.260233
      0.83    0.15131   0.841503   0.256499
      0.84   0.145914   0.843594   0.248795
      0.85   0.144386   0.851536   0.246906
      0.86   0.139956   0.857914   0.240653
      0.87   0.138865   0.864312   0.239285
      0.88   0.134186   0.869482   0.232492
      0.89   0.130443   0.871595   0.226924
       0.9    0.12907   0.882236   0.225195
      0.91   0.127636   0.900826   0.223591
      0.92   0.127137   0.909474   0.223088
      0.93   0.125858   0.914347    0.22126
      0.94   0.124641    0.91757    0.21947
      0.95   0.123362   0.928889     0.2178
      0.96   0.122084   0.966981   0.216796
      0.97   0.120805   0.995025   0.215452
      0.98   0.118247   0.994962   0.211373
      0.99   0.117374   0.994872   0.209975
