         0          1    0.48887   0.656699
      0.01   0.960466   0.522378   0.676708
      0.02   0.958119    0.53595    0.68739
      0.03   0.955797   0.542844   0.692425
      0.04   0.951249   0.561509   0.706174
      0.05   0.949978   0.570681   0.713026
      0.06   0.946237   0.584045   0.722278
      0.07   0.944257   0.593524   0.728893
      0.08   0.935553   0.609274   0.737957
      0.09   0.928268   0.621884   0.744797
       0.1   0.918635   0.640789   0.754959
      0.11   0.892939   0.658794   0.758201
      0.12   0.883698   0.673467   0.764391
      0.13   0.863283   0.695589   0.770416
      0.14   0.855019   0.712527   0.777297
      0.15   0.840888   0.732028   0.782691
      0.16   0.832967   0.745696   0.786919
      0.17   0.817002   0.766927   0.791173
      0.18   0.811721   0.779511    0.79529
      0.19   0.800352   0.795184    0.79776
       0.2   0.789472   0.804795    0.79706
      0.21   0.772798   0.819943   0.795673
      0.22   0.752335   0.834583   0.791327
      0.23   0.737812   0.842784   0.786812
      0.24   0.719305   0.853633   0.780733
      0.25   0.710356   0.859921   0.778016
      0.26   0.696005   0.867525   0.772357
      0.27   0.677204   0.870632   0.761832
      0.28   0.656618   0.875078   0.750269
      0.29   0.641851   0.880687   0.742536
       0.3   0.616351    0.88552   0.726815
      0.31   0.595521   0.891096   0.713925
      0.32   0.583859   0.894855   0.706653
      0.33   0.554203    0.90134   0.686377
      0.34   0.537504   0.903002   0.673884
      0.35   0.514889   0.907457   0.656999
      0.36   0.502543   0.909932   0.647487
      0.37   0.474329   0.912187   0.624121
      0.38   0.449587   0.912127     0.6023
      0.39   0.425652   0.909535   0.579911
       0.4   0.416386   0.912807   0.571895
      0.41   0.393355   0.915718   0.550316
      0.42   0.370764   0.917839   0.528172
      0.43   0.354041   0.918221    0.51104
      0.44   0.327832   0.917629    0.48308
      0.45   0.310523   0.916713   0.463905
      0.46   0.281184   0.915848   0.430268
      0.47   0.266613   0.913325   0.412741
      0.48   0.246541   0.913347   0.388274
      0.49   0.230918    0.90997   0.368359
       0.5   0.213877   0.904878   0.345979
      0.51   0.197423   0.904085   0.324078
      0.52   0.185125   0.903042   0.307262
      0.53   0.170383   0.905447   0.286797
      0.54   0.162755   0.906522   0.275964
      0.55   0.151093   0.907005   0.259035
      0.56   0.145103   0.908861   0.250252
      0.57   0.128356   0.904895   0.224821
      0.58   0.122415   0.903418   0.215613
      0.59    0.11266   0.898876   0.200224
       0.6   0.106181   0.893543   0.189806
      0.61  0.0964745   0.883041   0.173945
      0.62  0.0870618   0.877193   0.158402
      0.63  0.0802406    0.87471   0.146997
      0.64  0.0735661   0.876574    0.13574
      0.65  0.0697521   0.874667   0.129201
      0.66  0.0657181   0.866856   0.122174
      0.67  0.0617574   0.865269   0.115286
      0.68  0.0590925   0.858521   0.110574
      0.69  0.0559875   0.851852   0.105069
       0.7  0.0515623   0.854015  0.0972528
      0.71   0.049093    0.86166  0.0928933
      0.72  0.0482373   0.865854  0.0913835
      0.73  0.0443255   0.864035   0.084325
      0.74  0.0429319   0.857143  0.0817682
      0.75  0.0424185   0.862745  0.0808612
      0.76  0.0410738   0.880208  0.0784852
      0.77  0.0398025      0.875  0.0761414
      0.78  0.0391912   0.877095  0.0750299
      0.79  0.0375287   0.873494  0.0719655
       0.8  0.0362085      0.875  0.0695394
      0.81  0.0342526   0.868421  0.0659057
      0.82  0.0327857   0.871429  0.0631938
      0.83  0.0303164   0.875912  0.0586044
      0.84  0.0298763   0.877863   0.057786
      0.85  0.0280426   0.884298  0.0543614
      0.86  0.0245954      0.875  0.0478458
      0.87  0.0229818   0.867925  0.0447779
      0.88  0.0227128        0.9  0.0443075
      0.89  0.0223705   0.896907  0.0436523
       0.9  0.0196567   0.898876  0.0384722
      0.91  0.0182387   0.924051  0.0357714
      0.92  0.0162339   0.918919  0.0319042
      0.93  0.0153293   0.911765  0.0301517
      0.94  0.0151337   0.909091  0.0297719
      0.95  0.0143758   0.904762   0.028302
      0.96  0.0143758   0.904762   0.028302
      0.97  0.0140335   0.901639  0.0276369
      0.98  0.0140335   0.932203  0.0276508
      0.99   0.013569   0.961538  0.0267604
