         0          1   0.242084   0.389803
      0.01   0.951288   0.231506   0.372387
      0.02   0.951288   0.231867   0.372854
      0.03   0.951288   0.233209   0.374587
      0.04   0.951288   0.239901   0.383171
      0.05   0.950631   0.247923   0.393279
      0.06   0.950093   0.263621   0.412724
      0.07   0.949674   0.276014   0.427716
      0.08   0.945072   0.297876   0.452978
      0.09   0.939334   0.312772   0.469285
       0.1   0.933297   0.337281   0.495496
      0.11   0.918056   0.360839   0.518058
      0.12   0.911123   0.378739   0.535062
      0.13   0.889785   0.408059    0.55952
      0.14    0.88345   0.426756   0.575508
      0.15   0.871018   0.451644   0.594846
      0.16   0.860797   0.464791   0.603642
      0.17   0.847887   0.485522   0.617466
      0.18   0.837248   0.496959   0.623708
      0.19    0.81854   0.512983   0.630702
       0.2   0.810053   0.523623    0.63608
      0.21   0.782141   0.534642   0.635132
      0.22   0.758413   0.545473   0.634555
      0.23   0.736537   0.552997   0.631706
      0.24   0.718008   0.561783    0.63036
      0.25   0.700436   0.563967   0.624837
      0.26   0.667683   0.571219   0.615695
      0.27   0.651306   0.573137   0.609726
      0.28   0.619031   0.577408   0.597495
      0.29   0.605881   0.577539   0.591371
       0.3   0.577551   0.576755   0.577153
      0.31   0.557468     0.5769   0.567017
      0.32    0.54133   0.576802   0.558503
      0.33   0.515032   0.573945   0.542895
      0.34   0.501883   0.572211   0.534744
      0.35   0.484609   0.573237    0.52521
      0.36   0.462674   0.571003   0.511162
      0.37   0.444385   0.563545   0.496921
      0.38   0.431953   0.559791   0.487633
      0.39   0.408224   0.551261   0.469081
       0.4   0.396151   0.548234   0.459947
      0.41   0.373797   0.543254   0.442869
      0.42   0.355687   0.533859    0.42693
      0.43   0.337218   0.527072   0.411293
      0.44   0.323412   0.518054   0.398221
      0.45   0.299743     0.5065   0.376611
      0.46   0.286893   0.504052   0.365661
      0.47   0.276015   0.504709   0.356867
      0.48   0.265794   0.506066   0.348533
      0.49   0.259698   0.504157    0.34281
       0.5   0.247564   0.507398   0.332768
      0.51   0.235013   0.512937   0.322339
      0.52   0.224792   0.519411   0.313784
      0.53   0.219652   0.525175   0.309752
      0.54   0.216664   0.530007   0.307587
      0.55   0.212838   0.551302   0.307112
      0.56   0.206921   0.560448    0.30225
      0.57   0.197358   0.567682   0.292891
      0.58   0.190544   0.580501   0.286912
      0.59   0.182774   0.603068   0.280528
       0.6   0.179547   0.618328   0.278287
      0.61   0.175124   0.636168   0.274644
      0.62   0.167772   0.660116   0.267546
      0.63   0.162453   0.678133   0.262114
      0.64   0.154743   0.716049   0.254489
      0.65    0.15277   0.736614   0.253058
      0.66   0.144343   0.762579   0.242739
      0.67    0.13741   0.776667   0.233507
      0.68   0.128683   0.789568   0.221299
      0.69    0.12438    0.80303   0.215397
       0.7   0.114817   0.822034   0.201491
      0.71  0.0964676   0.847291   0.173214
      0.72  0.0918056   0.853723   0.165784
      0.73  0.0820632   0.864943   0.149904
      0.74  0.0795529   0.886503   0.146004
      0.75  0.0739346   0.920139   0.136871
      0.76  0.0676588   0.915751   0.126008
      0.77  0.0621003   0.928287   0.116413
      0.78  0.0534935   0.932773   0.101184
      0.79  0.0496683   0.934211  0.0943218
       0.8  0.0467994   0.928571  0.0891077
      0.81  0.0445879   0.925532  0.0850772
      0.82  0.0390293   0.915152  0.0748658
      0.83  0.0375351   0.922581  0.0721354
      0.84  0.0332317   0.938462  0.0641904
      0.85  0.0243859   0.930435  0.0475261
      0.86  0.0195446   0.932692  0.0382868
      0.87  0.0188273   0.947917  0.0369213
      0.88  0.0160182    0.97619  0.0315191
      0.89  0.0144642   0.974359  0.0285052
       0.9  0.0141056   0.972603  0.0278078
      0.91  0.0139262   0.971014  0.0274587
      0.92  0.0129102   0.969231  0.0254809
      0.93  0.0115355          1  0.0228078
      0.94  0.0114757          1   0.022691
      0.95  0.0109975          1  0.0217558
      0.96 0.00998147          1  0.0197657
      0.97  0.0099217          1  0.0196485
      0.98 0.00866655          1  0.0171842
      0.99 0.00609647          1  0.0121191
