         0          1   0.319512   0.484288
      0.01   0.972326   0.322302   0.484128
      0.02   0.972326   0.322759   0.484643
      0.03   0.971689   0.324035   0.486001
      0.04   0.968929    0.32619   0.488071
      0.05   0.966027    0.32763    0.48931
      0.06   0.960294   0.328856   0.489933
      0.07    0.95258     0.3297   0.489855
      0.08   0.938354    0.32876   0.486922
      0.09   0.927454   0.328291   0.484931
       0.1   0.906221   0.328609   0.482321
      0.11   0.882794   0.328984   0.479337
      0.12   0.862623   0.328404   0.475705
      0.13   0.825395   0.326003   0.467399
      0.14   0.793758   0.322706    0.45886
      0.15   0.749168   0.318904   0.447372
      0.16   0.717602   0.316692   0.439447
      0.17   0.670819   0.312697   0.426557
      0.18   0.645622    0.31181   0.420524
      0.19   0.599547   0.310982   0.409538
       0.2    0.57067   0.309391   0.401245
      0.21   0.521127   0.311735   0.390109
      0.22   0.482695   0.313504   0.380123
      0.23   0.462595   0.314582   0.374494
      0.24   0.427277   0.311638   0.360409
      0.25    0.39288   0.310089   0.346609
      0.26   0.352608   0.307823   0.328697
      0.27   0.323802   0.306694   0.315016
      0.28    0.28622   0.307653    0.29655
      0.29   0.267747   0.305195   0.285247
       0.3   0.243966    0.30323   0.270389
      0.31   0.215727   0.304362   0.252492
      0.32    0.20511   0.304552    0.24513
      0.33   0.190389   0.308289   0.235401
      0.34   0.177224   0.302244   0.223435
      0.35   0.160946   0.297403   0.208862
      0.36   0.151249   0.295359   0.200054
      0.37   0.136245   0.288439   0.185071
      0.38   0.120108   0.283398   0.168713
      0.39   0.105811   0.279674   0.153534
       0.4  0.0956189   0.273962    0.14176
      0.41  0.0845778   0.271517   0.128979
      0.42  0.0782787   0.270059   0.121376
      0.43  0.0712011   0.264232   0.112175
      0.44  0.0520914   0.250305  0.0862361
      0.45   0.046217   0.240885  0.0775542
      0.46  0.0419704   0.232323  0.0710968
      0.47  0.0370161   0.222222  0.0634612
      0.48  0.0268243   0.220641  0.0478332
      0.49  0.0249841   0.220039  0.0448731
       0.5  0.0171987   0.212389  0.0318206
      0.51  0.0124566   0.198529  0.0234424
      0.52  0.0119612   0.201571  0.0225824
      0.53  0.0115366   0.205202   0.021845
      0.54  0.0111827    0.20743  0.0212213
      0.55  0.0106165   0.207612     0.0202
      0.56 0.00997947      0.204  0.0190281
      0.57 0.00771463   0.201878  0.0148613
      0.58 0.00714842   0.207071  0.0138198
      0.59 0.00615755    0.17341  0.0118928
       0.6   0.006016   0.166667  0.0116128
      0.61 0.00516668   0.144737  0.0099772
      0.62 0.00438814   0.129496 0.00848863
      0.63 0.00283106   0.119048 0.00553059
      0.64  0.0026895   0.102564 0.00524156
      0.65 0.00261873   0.107843 0.00511329
      0.66  0.0024064   0.108434 0.00470831
      0.67 0.00212329   0.117647  0.0041713
      0.68 0.00184019   0.105263 0.00361714
      0.69 0.000353882  0.0666667 0.000704027
       0.7 0.000353882  0.0810811 0.000704689
      0.71 0.000353882      0.125 0.000705766
      0.72 0.000353882     0.1875 0.000706431
      0.73 0.000353882       0.25 0.000706764
      0.74 0.000353882   0.272727 0.000706847
      0.75 0.000353882        0.3 0.00070693
      0.76 0.000353882   0.333333 0.000707014
      0.77 0.000353882   0.428571 0.00070718
      0.78 0.000353882        0.5 0.000707264
      0.79 0.000353882          1 0.000707514
       0.8 0.000353882          1 0.000707514
      0.81          0          0          0
      0.82          0          0          0
      0.83          0          0          0
      0.84          0          0          0
      0.85          0          0          0
      0.86          0          0          0
      0.87          0          0          0
      0.88          0          0          0
      0.89          0          0          0
       0.9          0          0          0
      0.91          0          0          0
      0.92          0          0          0
      0.93          0          0          0
      0.94          0          0          0
      0.95          0          0          0
      0.96          0          0          0
      0.97          0          0          0
      0.98          0          0          0
      0.99          0          0          0
