         0          1   0.384732   0.555677
      0.01   0.931599   0.400949   0.560616
      0.02   0.931256   0.402421   0.561991
      0.03   0.930225   0.405213   0.564518
      0.04   0.923121   0.413246   0.570915
      0.05   0.915559   0.419529   0.575399
      0.06   0.904159   0.432271   0.584904
      0.07   0.894535    0.44515   0.594471
      0.08   0.867667    0.46927   0.609109
      0.09   0.843148   0.482638   0.613878
       0.1   0.788096   0.498796   0.610928
      0.11   0.745016   0.519308   0.612015
      0.12   0.725195   0.532574   0.614135
      0.13   0.694317   0.550614   0.614172
      0.14   0.674381   0.560107   0.611955
      0.15   0.640066   0.571144   0.603644
      0.16   0.610105    0.57935    0.59433
      0.17   0.582951   0.591341   0.587116
      0.18      0.568   0.599187   0.583176
      0.19   0.545085   0.609018   0.575281
       0.2   0.525722    0.61514   0.566927
      0.21   0.495245   0.625662   0.552867
      0.22   0.466716   0.631857   0.536874
      0.23    0.44953   0.635444   0.526559
      0.24    0.42736   0.632506   0.510079
      0.25    0.40668   0.631983   0.494895
      0.26   0.381874    0.62766   0.474847
      0.27    0.36423   0.619684   0.458795
      0.28   0.339654        0.6   0.433761
      0.29   0.318057   0.584142   0.411861
       0.3   0.290387   0.562827   0.383111
      0.31   0.272399   0.547452   0.363787
      0.32   0.258135   0.534247   0.348084
      0.33   0.241464   0.521944   0.330179
      0.34   0.221586   0.511538   0.309223
      0.35     0.2044   0.497647   0.289778
      0.36   0.189963   0.482909   0.272667
      0.37   0.181141   0.475066   0.262277
      0.38   0.168309    0.45905   0.246309
      0.39   0.152841   0.448023   0.227927
       0.4   0.149748   0.444195   0.223985
      0.41   0.138348   0.433386   0.209741
      0.42   0.134452   0.426568    0.20446
      0.43   0.129526   0.417936   0.197762
      0.44   0.126833   0.418564   0.194676
      0.45   0.122078   0.416667   0.188831
      0.46   0.120016   0.416899   0.186378
      0.47   0.118813    0.41619   0.184854
      0.48   0.112225   0.403808   0.175637
      0.49   0.107356   0.402477   0.169499
       0.5   0.103918    0.40305   0.165234
      0.51  0.0988772   0.405896   0.159017
      0.52  0.0975023   0.404429   0.157124
      0.53  0.0934922   0.404151   0.151856
      0.54  0.0913726   0.401003   0.148832
      0.55  0.0886228   0.403743   0.145343
      0.56  0.0875917   0.402985   0.143905
      0.57  0.0848419   0.395804   0.139732
      0.58   0.082264   0.388252   0.135762
      0.59  0.0801444   0.380531   0.132403
       0.6  0.0775665   0.370651   0.128286
      0.61  0.0751604   0.362654   0.124515
      0.62  0.0733845    0.35623   0.121699
      0.63   0.071093    0.34846   0.118093
      0.64  0.0688016    0.33887    0.11438
      0.65  0.0654789   0.327119   0.109116
      0.66  0.0602085   0.309859   0.100826
      0.67  0.0584899    0.30036   0.097913
      0.68  0.0567713   0.287313   0.094809
      0.69   0.055511   0.278937  0.0925948
       0.7  0.0493813   0.262525  0.0831264
      0.71  0.0445119   0.246914  0.0754265
      0.72  0.0389551   0.227176   0.066506
      0.73  0.0380385   0.221978  0.0649475
      0.74  0.0360907   0.208989  0.0615519
      0.75  0.0348304   0.203661  0.0594873
      0.76  0.0343721        0.2  0.0586625
      0.77  0.0327108   0.193473  0.0559603
      0.78  0.0321952   0.192037  0.0551453
      0.79  0.0312214   0.190024   0.053631
       0.8  0.0292163   0.182692  0.0503764
      0.81  0.0277841   0.175309  0.0479663
      0.82  0.0260655   0.162371    0.04492
      0.83  0.0257791   0.161458  0.0444596
      0.84  0.0233731   0.137838  0.0399687
      0.85  0.0222846   0.131868  0.0381262
      0.86  0.0203368   0.119318  0.0347507
      0.87  0.0162122   0.112069  0.0283266
      0.88  0.0137489  0.0964912  0.0240683
      0.89  0.0122594  0.0884956  0.0215355
       0.9  0.0118584  0.0865672  0.0208594
      0.91 0.00767644  0.0752351  0.0139314
      0.92 0.00664528   0.066879  0.0120893
      0.93 0.00401008  0.0645161 0.00755083
      0.94 0.00378093  0.0655172 0.00714929
      0.95 0.00360907  0.0598592 0.00680769
      0.96 0.00360907  0.0567376 0.00678646
      0.97 0.00360907  0.0501792 0.00673383
      0.98 0.00171861       0.04 0.00329562
      0.99 0.00143217  0.0334572 0.00274677
