         0          1   0.289124   0.448559
      0.01   0.925621   0.295805   0.448334
      0.02   0.925572   0.310278   0.464756
      0.03   0.924893   0.320496   0.476036
      0.04   0.923487   0.339221   0.496182
      0.05   0.921014   0.355205   0.512684
      0.06   0.919511   0.380421   0.538184
      0.07   0.915584     0.3969   0.553752
      0.08   0.911365   0.426827   0.581374
      0.09   0.907826   0.447721   0.599688
       0.1   0.903753    0.47782    0.62513
      0.11   0.900359   0.496344   0.639918
      0.12   0.895171   0.506787   0.647182
      0.13   0.891631   0.522273   0.658708
      0.14   0.889401   0.534805    0.66796
      0.15   0.879024   0.553326   0.679145
      0.16    0.87277    0.56681   0.687276
      0.17   0.869424   0.586201   0.700259
      0.18   0.864624   0.599589   0.708119
      0.19   0.859824    0.61455   0.716785
       0.2   0.855605   0.624703   0.722146
      0.21   0.847023   0.635434   0.726129
      0.22   0.840865   0.645142   0.730114
      0.23   0.834659    0.65021   0.730978
      0.24   0.823361   0.656443   0.730488
      0.25   0.819773   0.658547   0.730368
      0.26   0.810561   0.661853   0.728698
      0.27   0.805227   0.663727   0.727662
      0.28   0.788935   0.664022   0.721109
      0.29   0.779383    0.66397   0.717063
       0.3   0.765564   0.665241   0.711886
      0.31   0.748448   0.668136   0.706016
      0.32   0.741369   0.669154   0.703413
      0.33   0.731866   0.669959   0.699546
      0.34   0.724399   0.672653   0.697567
      0.35   0.717126   0.677267   0.696627
      0.36   0.713489    0.68369   0.698272
      0.37   0.705246   0.688031   0.696532
      0.38   0.695646   0.690702   0.693165
      0.39   0.683282   0.693779    0.68849
       0.4   0.674457   0.697817   0.685938
      0.41   0.660881    0.70087   0.680288
      0.42   0.651038   0.703429    0.67622
      0.43   0.639934   0.704954   0.670872
      0.44   0.617533   0.705671   0.658667
      0.45    0.60032   0.701478   0.646968
      0.46   0.567979   0.696058    0.62553
      0.47   0.561579   0.696065   0.621631
      0.48   0.539856   0.696061   0.608087
      0.49   0.529674   0.697485   0.602106
       0.5   0.513092   0.699848   0.592092
      0.51   0.503734   0.701011    0.58622
      0.52   0.497139   0.702187   0.582135
      0.53    0.48012    0.70308   0.570593
      0.54    0.47178    0.70113   0.564032
      0.55    0.45641   0.698536   0.552093
      0.56   0.451804   0.698864   0.548811
      0.57   0.441476   0.698206   0.540925
      0.58   0.437839   0.698045   0.538138
      0.59   0.424699   0.696487   0.527651
       0.6   0.412529   0.694484     0.5176
      0.61   0.401232   0.695224   0.508814
      0.62   0.392116   0.695253    0.50143
      0.63   0.388528   0.696262   0.498746
      0.64   0.375533   0.698123   0.488366
      0.65   0.366515   0.696321   0.480247
      0.66   0.352163   0.695233   0.467512
      0.67   0.343726   0.693699   0.459681
      0.68    0.32918   0.688525   0.445411
      0.69   0.312694   0.684277   0.429239
       0.7   0.295529   0.681759   0.412324
      0.71    0.27982   0.680461   0.396564
      0.72   0.268958   0.676389   0.384876
      0.73   0.262219    0.66763   0.376545
      0.74   0.248448   0.659925   0.360991
      0.75   0.225999   0.654762   0.336017
      0.76   0.215865   0.657568    0.32503
      0.77   0.190652    0.63879   0.293659
      0.78   0.181536   0.631148    0.28197
      0.79   0.173972   0.621368   0.271835
       0.8   0.149292   0.606299   0.239589
      0.81   0.134649   0.600823   0.219995
      0.82   0.126212        0.6   0.208554
      0.83   0.124079    0.59805   0.205518
      0.84   0.116466   0.589286   0.194493
      0.85   0.114721   0.582192   0.191672
      0.86   0.108272   0.560386    0.18148
      0.87   0.102647   0.550186   0.173016
      0.88  0.0982351   0.539052   0.166185
      0.89  0.0939197   0.528252   0.159484
       0.9  0.0878588   0.517663   0.150222
      0.91   0.085386   0.509859   0.146275
      0.92  0.0818464   0.507891   0.140975
      0.93  0.0793251   0.505882   0.137145
      0.94  0.0785493   0.502994   0.135879
      0.95  0.0768522   0.491577   0.132923
      0.96  0.0748157   0.489097   0.129779
      0.97  0.0732642   0.484127   0.127268
      0.98  0.0730702   0.482428   0.126917
      0.99   0.072149    0.46875    0.12505
