         0          1   0.108911   0.196429
      0.01   0.966872   0.116444   0.207855
      0.02   0.966872   0.116751   0.208344
      0.03   0.966872   0.117807   0.210024
      0.04   0.966336   0.120227   0.213848
      0.05   0.966068   0.122843   0.217969
      0.06   0.965933   0.128101   0.226202
      0.07   0.963519   0.132018   0.232219
      0.08   0.954936    0.13777     0.2408
      0.09   0.954802   0.142442     0.2479
       0.1   0.945413   0.149151   0.257654
      0.11   0.936427   0.155546   0.266778
      0.12   0.921674   0.158366   0.270289
      0.13   0.898337   0.159709   0.271203
      0.14   0.877012    0.16151   0.272784
      0.15   0.845091   0.162412   0.272461
      0.16   0.822827   0.163419   0.272681
      0.17   0.788492   0.164696   0.272478
      0.18    0.76596   0.164872   0.271339
      0.19   0.710166   0.165074   0.267881
       0.2   0.673552    0.16802    0.26895
      0.21   0.629158   0.169643   0.267231
      0.22   0.597237   0.174042   0.269537
      0.23   0.568401   0.176351   0.269185
      0.24   0.549088   0.177325   0.268076
      0.25   0.526824   0.177074   0.265058
      0.26   0.498525   0.180714   0.265269
      0.27   0.482028   0.182202   0.264446
      0.28   0.456411   0.185045   0.263327
      0.29   0.425295   0.184562   0.257415
       0.3   0.370172   0.186381    0.24793
      0.31   0.322827   0.186243   0.236213
      0.32    0.30338   0.184289   0.229293
      0.33   0.273337   0.182897   0.219153
      0.34    0.25912   0.181857    0.21372
      0.35   0.240209   0.179677    0.20558
      0.36   0.214324   0.174254   0.192223
      0.37   0.194206   0.174234   0.183679
      0.38   0.186159   0.173267   0.179482
      0.39   0.169126   0.168526   0.168825
       0.4   0.155982    0.16139    0.15864
      0.41   0.142033   0.155465   0.148446
      0.42   0.126475   0.147422   0.136148
      0.43   0.116953   0.138063   0.126634
      0.44    0.10743   0.134677   0.119521
      0.45   0.100322    0.12963   0.113108
      0.46    0.09147   0.125445   0.105797
      0.47  0.0866416   0.119816   0.100563
      0.48  0.0741685   0.117704  0.0909972
      0.49  0.0720225   0.117234  0.0892281
       0.5  0.0618294   0.111575  0.0795667
      0.51  0.0478809   0.108553  0.0664512
      0.52  0.0470762   0.107987  0.0655682
      0.53  0.0454667   0.107948   0.063984
      0.54   0.044662    0.11194  0.0638494
      0.55  0.0438573    0.11421  0.0633773
      0.56  0.0437232   0.118477   0.063874
      0.57  0.0411749   0.121581  0.0615164
      0.58  0.0325912   0.123596  0.0515809
      0.59  0.0308476   0.128425  0.0497462
       0.6  0.0296406   0.129204  0.0482192
      0.61  0.0296406   0.135238   0.048624
      0.62  0.0296406   0.142857  0.0490947
      0.63    0.02897   0.146608    0.04838
      0.64  0.0285676   0.151376  0.0480645
      0.65  0.0282994   0.159314  0.0480614
      0.66  0.0264217    0.16188  0.0454286
      0.67  0.0257511   0.165289    0.04456
      0.68  0.0257511   0.167147  0.0446268
      0.69  0.0249464   0.170732   0.043532
       0.7  0.0249464   0.175549  0.0436849
      0.71  0.0218616   0.163399  0.0385636
      0.72  0.0218616   0.166667  0.0386531
      0.73  0.0218616   0.165441  0.0386199
      0.74  0.0207886    0.15444  0.0366447
      0.75   0.020118   0.148148  0.0354254
      0.76  0.0194474   0.116592  0.0333347
      0.77  0.0179721   0.109005  0.0308567
      0.78  0.0160944  0.0904523  0.0273266
      0.79 0.00992489  0.0752688  0.0175373
       0.8 0.00898605  0.0693642  0.0159109
      0.81 0.00388948  0.0580645  0.0072906
      0.82 0.00388948     0.0625 0.00732323
      0.83 0.00388948  0.0583942 0.00729319
      0.84 0.000938841  0.0508475 0.00184364
      0.85 0.000804721  0.0510204 0.00158445
      0.86 0.000804721  0.0609756 0.00158848
      0.87 0.000804721  0.0641026 0.00158949
      0.88 0.000804721  0.0746269 0.00159227
      0.89 0.000804721  0.0757576 0.00159253
       0.9 0.000804721  0.0877193 0.00159481
      0.91 0.000804721   0.102041 0.00159685
      0.92 0.000804721   0.116279 0.00159838
      0.93 0.000804721   0.121951 0.00159889
      0.94 0.000804721      0.125 0.00159915
      0.95 0.000804721   0.147059 0.00160068
      0.96 0.000804721    0.15625  0.0016012
      0.97 0.000804721   0.185185 0.00160248
      0.98 0.000804721   0.217391 0.00160351
      0.99 0.000804721   0.263158 0.00160454
