         0          1   0.363236   0.532903
      0.01   0.963274   0.321133   0.481684
      0.02   0.961982   0.324106   0.484857
      0.03   0.961293    0.33034   0.491708
      0.04    0.95673   0.342034   0.503916
      0.05   0.948893   0.351874   0.513375
      0.06   0.938388   0.369784   0.530513
      0.07   0.924051   0.383986   0.542526
      0.08   0.877766   0.408123   0.557181
      0.09   0.849565   0.424641   0.566251
       0.1   0.796693    0.45246   0.577146
      0.11   0.739559   0.481928   0.583574
      0.12   0.703436   0.502811    0.58644
      0.13   0.642857    0.52467   0.577781
      0.14   0.595669   0.540118   0.566535
      0.15   0.533196   0.565635   0.548936
      0.16   0.504908   0.585865   0.542382
      0.17   0.457806   0.608976    0.52268
      0.18   0.435848   0.620571   0.512059
      0.19   0.395979   0.631859   0.486853
       0.2   0.369327   0.633793   0.466698
      0.21   0.341858   0.637587   0.445077
      0.22   0.319728   0.633141   0.424891
      0.23    0.30961   0.630213   0.415228
      0.24   0.294713   0.620723   0.399668
      0.25   0.287264   0.614568   0.391522
      0.26   0.273142   0.599789   0.375351
      0.27   0.265651   0.594156   0.367147
      0.28   0.258762    0.59196    0.36011
      0.29   0.258159   0.590355   0.359229
       0.3   0.253681   0.587804   0.354409
      0.31   0.250969   0.587865   0.351764
      0.32   0.250797    0.58783   0.351589
      0.33   0.249763   0.586505   0.350336
      0.34    0.24972   0.586267   0.350251
      0.35    0.24718   0.584687   0.347466
      0.36   0.246534   0.584204   0.346743
      0.37   0.245759   0.584061    0.34595
      0.38   0.245329   0.583771   0.345473
      0.39   0.244812   0.583528   0.344918
       0.4    0.24451   0.582894   0.344508
      0.41    0.24451   0.582746   0.344482
      0.42   0.244381   0.581121    0.34407
      0.43   0.243606   0.581065   0.343291
      0.44   0.243348   0.579417   0.342747
      0.45   0.238483   0.577153   0.337506
      0.46    0.23788   0.576831   0.336847
      0.47    0.23732   0.576159   0.336171
      0.48   0.235555   0.573171   0.333891
      0.49   0.235211   0.571867   0.333324
       0.5   0.232627   0.566812   0.329871
      0.51   0.230302   0.561713    0.32667
      0.52    0.22914   0.558095   0.324889
      0.53   0.226255   0.555627   0.321566
      0.54   0.224705   0.552479   0.319473
      0.55   0.223026   0.546641     0.3168
      0.56   0.218807   0.542518   0.311842
      0.57   0.210239   0.534228   0.301734
      0.58   0.204512   0.529532   0.295066
      0.59   0.195686   0.517745   0.284023
       0.6   0.190648   0.506058   0.276958
      0.61   0.169896   0.483533   0.251444
      0.62   0.150521   0.458399   0.226626
      0.63   0.131749   0.443366   0.203135
      0.64   0.115087   0.422559   0.180903
      0.65   0.107294   0.414089   0.170428
      0.66  0.0987686   0.399646   0.158392
      0.67  0.0906312   0.389189   0.147025
      0.68   0.084216   0.375348   0.137566
      0.69   0.077973   0.365693   0.128539
       0.7  0.0719452   0.358852    0.11986
      0.71  0.0667786   0.352372   0.112279
      0.72  0.0641092   0.349903   0.108364
      0.73  0.0603634   0.344488   0.102726
      0.74  0.0589856   0.339623   0.100514
      0.75   0.056962   0.337986  0.0974932
      0.76  0.0561009   0.335335   0.096121
      0.77  0.0542065   0.329293  0.0930891
      0.78  0.0526565    0.32449  0.0906094
      0.79  0.0476621   0.321318  0.0830109
       0.8  0.0468441   0.316719  0.0816167
      0.81  0.0438302   0.315514  0.0769682
      0.82  0.0438302   0.314678  0.0769433
      0.83  0.0435719   0.313163  0.0764999
      0.84  0.0432705   0.309677  0.0759313
      0.85   0.042883    0.30786  0.0752799
      0.86   0.042108   0.307095   0.074061
      0.87  0.0417635    0.30303  0.0734098
      0.88  0.0408163   0.295195  0.0717165
      0.89  0.0399122    0.29186  0.0702215
       0.9  0.0395677   0.287574   0.069564
      0.91  0.0377164    0.27907  0.0664517
      0.92  0.0369844   0.275689  0.0652195
      0.93  0.0356497   0.271447  0.0630225
      0.94  0.0344442   0.265013  0.0609646
      0.95  0.0328942   0.254076  0.0582473
      0.96  0.0322483    0.25035  0.0571367
      0.97  0.0300525   0.242424  0.0534758
      0.98  0.0300095   0.244477  0.0534571
      0.99  0.0299234    0.24736  0.0533883
