         0          1   0.317058   0.481463
      0.01   0.949337   0.324806   0.484012
      0.02   0.949288   0.325045   0.484272
      0.03   0.948505   0.326243   0.485497
      0.04   0.947428   0.328448   0.487792
      0.05   0.947428   0.331434   0.491077
      0.06   0.946693   0.338679   0.498883
      0.07   0.945225   0.344031   0.504456
      0.08   0.940868   0.353784   0.514214
      0.09   0.935827   0.361197    0.52122
       0.1   0.931568   0.370831   0.530489
      0.11   0.925547   0.380675   0.539468
      0.12   0.920358   0.385902   0.543794
      0.13   0.913652   0.396536   0.553044
      0.14   0.906652   0.402223   0.557236
      0.15   0.897743   0.408792   0.561776
      0.16   0.888834   0.412775   0.563746
      0.17   0.879044   0.418469   0.567012
      0.18   0.871653   0.423684   0.570207
      0.19   0.859709   0.430298   0.573534
       0.2   0.850017   0.434434   0.574995
      0.21   0.839787   0.440491   0.577872
      0.22   0.824906   0.446597   0.579473
      0.23   0.809291   0.448535   0.577179
      0.24   0.794802   0.456127   0.579618
      0.25   0.781242   0.460184   0.579197
      0.26   0.759557   0.463843   0.575961
      0.27   0.742523   0.466151   0.572739
      0.28   0.724362   0.469382    0.56964
      0.29   0.717118   0.471698   0.569076
       0.3   0.696999   0.478943   0.567754
      0.31   0.679622   0.482869   0.564595
      0.32   0.670273   0.485023   0.562795
      0.33   0.652749   0.487881     0.5584
      0.34   0.638847   0.492506   0.556212
      0.35    0.62656   0.496029   0.553705
      0.36   0.612365   0.497946    0.54926
      0.37   0.600959   0.499893   0.545787
      0.38   0.588722   0.498779   0.540031
      0.39   0.566548   0.503282   0.533044
       0.4   0.556464   0.505675   0.529855
      0.41   0.541681   0.511038   0.525913
      0.42   0.523374   0.509574   0.516382
      0.43   0.510696   0.510965    0.51083
      0.44   0.496255   0.511206    0.50362
      0.45   0.488815   0.511784   0.500036
      0.46   0.475892    0.51339    0.49393
      0.47   0.468794   0.512621   0.489729
      0.48   0.458858   0.514304   0.485001
      0.49   0.448137   0.512147   0.478009
       0.5   0.437711   0.507931   0.470214
      0.51   0.422096   0.503833   0.459357
      0.52   0.413579   0.503035   0.453942
      0.53   0.393509   0.498517   0.439833
      0.54    0.38509    0.49583   0.433499
      0.55    0.37388    0.49436   0.425761
      0.56   0.366146   0.492846   0.420152
      0.57   0.353958   0.494001   0.412415
      0.58   0.339958   0.491354    0.40187
      0.59   0.330706    0.48938   0.394693
       0.6   0.325958    0.48745   0.390673
      0.61   0.315777    0.48471   0.382418
      0.62   0.302805   0.481604   0.371826
      0.63   0.299672    0.48339   0.369979
      0.64   0.287092   0.480836   0.359524
      0.65   0.280728   0.479017   0.353997
      0.66   0.265162   0.474801   0.340285
      0.67   0.259778   0.472492    0.33524
      0.68    0.24754   0.469866   0.324254
      0.69   0.242939   0.467952   0.319835
       0.7   0.238289   0.469099   0.316039
      0.71   0.234666   0.471801   0.313435
      0.72   0.229037   0.473487   0.308733
      0.73    0.22473   0.480208   0.306174
      0.74   0.220667   0.481481   0.302634
      0.75   0.215037   0.486769   0.298297
      0.76   0.209849   0.492826   0.294358
      0.77   0.204317   0.497382   0.289651
      0.78   0.202849   0.497713   0.288227
      0.79   0.198199   0.501592   0.284127
       0.8   0.193402   0.502852   0.279359
      0.81   0.193108   0.510135   0.280162
      0.82   0.188017   0.511364   0.274943
      0.83   0.183905   0.511566   0.270549
      0.84   0.175535   0.508272   0.260949
      0.85   0.171325   0.508954   0.256355
      0.86   0.170052   0.504798   0.254403
      0.87   0.166038   0.500489   0.249353
      0.88   0.161633        0.5   0.244294
      0.89    0.16036    0.49896   0.242715
       0.9   0.158109   0.496781   0.239874
      0.91   0.153263   0.503417   0.234985
      0.92   0.150179   0.506555   0.231673
      0.93   0.139067   0.501253   0.217728
      0.94   0.136032    0.49354   0.213279
      0.95     0.1352   0.491979    0.21211
      0.96   0.133487   0.494536   0.210228
      0.97   0.127074   0.484104   0.201307
      0.98   0.124382   0.482196   0.197754
      0.99   0.117676   0.477093   0.188787
