         0          1   0.273534   0.429567
      0.01    0.96529   0.276731   0.430147
      0.02      0.965   0.282309   0.436826
      0.03   0.964758   0.288344    0.44399
      0.04   0.964612   0.300299   0.458012
      0.05   0.964467   0.308426   0.467387
      0.06   0.963547   0.323478   0.484352
      0.07   0.962144   0.333333    0.49513
      0.08   0.958561   0.346042   0.508511
      0.09   0.957496   0.354941   0.517899
       0.1   0.956044   0.365715   0.529052
      0.11   0.952171   0.375154   0.538241
      0.12   0.947475   0.381178   0.543643
      0.13   0.941908   0.390436   0.552042
      0.14   0.940166   0.396911   0.558176
      0.15   0.937213   0.404128   0.564739
      0.16   0.934986   0.409995   0.570029
      0.17       0.93   0.416262   0.575108
      0.18   0.927143   0.421355   0.579394
      0.19   0.920608    0.42877   0.585054
       0.2   0.917026   0.432212   0.587517
      0.21   0.910636   0.437917   0.591424
      0.22   0.907683   0.442703   0.595139
      0.23   0.903471   0.446129   0.597309
      0.24   0.896839   0.449864   0.599175
      0.25   0.891853    0.45235   0.600251
      0.26   0.884398   0.456031   0.601767
      0.27   0.879702    0.45819   0.602546
      0.28   0.870117    0.46195   0.603499
      0.29   0.864743   0.463506   0.603522
       0.3   0.855836   0.468379   0.605424
      0.31     0.8493   0.474265   0.608649
      0.32   0.841991   0.476399   0.608505
      0.33   0.832696   0.477689   0.607103
      0.34   0.825531   0.478474   0.605819
      0.35   0.811589   0.478415   0.601977
      0.36   0.805344   0.477753    0.59973
      0.37   0.783028    0.47668   0.592604
      0.38   0.775863   0.476578   0.590462
      0.39   0.757274   0.474747   0.583616
       0.4    0.74764   0.476791   0.582259
      0.41   0.730745   0.476652   0.576962
      0.42    0.71569   0.474944   0.570977
      0.43   0.704652   0.472286   0.565531
      0.44   0.681028   0.469756   0.555999
      0.45   0.668877   0.469111    0.55146
      0.46   0.643656   0.465893   0.540535
      0.47   0.630731   0.464082   0.534723
      0.48    0.59786   0.458188   0.518788
      0.49   0.581788   0.457003   0.511901
       0.5   0.560294   0.453953   0.501549
      0.51   0.524229   0.442661   0.480004
      0.52   0.505495   0.441639   0.471414
      0.53   0.478095   0.435921   0.456035
      0.54   0.458973    0.42987   0.443945
      0.55   0.421552   0.422062   0.421807
      0.56   0.406351   0.420587   0.413347
      0.57   0.385342   0.420623    0.40221
      0.58   0.378128   0.419917   0.397929
      0.59   0.359103   0.418139   0.386379
       0.6   0.348163     0.4205   0.380928
      0.61   0.339013   0.423461   0.376561
      0.62   0.332623   0.430796   0.375397
      0.63    0.32967   0.435455    0.37525
      0.64   0.326621   0.440254   0.375018
      0.65   0.325313   0.447332   0.376688
      0.66    0.31994   0.454545   0.375546
      0.67   0.317713   0.460216   0.375913
      0.68   0.311856   0.466735   0.373891
      0.69   0.308709   0.470188    0.37271
       0.7   0.304158   0.475258   0.370928
      0.71   0.297187   0.485311   0.368635
      0.72   0.296655   0.494767   0.370915
      0.73   0.295203    0.50722   0.373202
      0.74   0.294573   0.513812   0.374463
      0.75   0.291669   0.524352   0.374836
      0.76   0.290555   0.534025   0.376346
      0.77   0.289878   0.558985   0.381775
      0.78   0.288716   0.566807   0.382564
      0.79   0.286828   0.581395   0.384142
       0.8   0.283052   0.585799    0.38168
      0.81    0.28218   0.603223   0.384498
      0.82   0.279905   0.617951    0.38529
      0.83   0.279469   0.629359   0.387062
      0.84    0.27763   0.652837   0.389583
      0.85   0.276323   0.664354   0.390307
      0.86   0.274193   0.671076   0.389316
      0.87   0.273273   0.675313   0.389095
      0.88   0.271579    0.68854    0.38952
      0.89   0.270562   0.692308   0.389071
       0.9   0.265334   0.691643   0.383533
      0.91   0.263349   0.688911   0.381039
      0.92   0.258411   0.688557   0.375791
      0.93   0.252263   0.684904    0.36872
      0.94   0.249213   0.685509   0.365537
      0.95   0.246696   0.689727    0.36341
      0.96   0.245534   0.691083   0.362335
      0.97   0.243453   0.697168   0.360884
      0.98   0.241952   0.697572   0.359286
      0.99   0.236336   0.700341   0.353411
