         0          1   0.295659   0.456384
      0.01          1   0.273108   0.429042
      0.02   0.999726   0.278541   0.435691
      0.03   0.999609   0.287561   0.446637
      0.04   0.999609   0.308844    0.47189
      0.05   0.999374   0.324988   0.490477
      0.06   0.999296   0.349498   0.517873
      0.07   0.998866   0.364213   0.533791
      0.08   0.996832   0.382281    0.55263
      0.09   0.993743   0.394033    0.56431
       0.1   0.986626   0.408246   0.577524
      0.11   0.978649   0.425135   0.592766
      0.12   0.972783   0.433477   0.599717
      0.13   0.957727   0.449038   0.611411
      0.14   0.944822   0.456885   0.615928
      0.15    0.92875   0.468551   0.622868
      0.16   0.909119   0.475356   0.624288
      0.17   0.878852   0.484639   0.624758
      0.18   0.860551   0.494119   0.627776
      0.19   0.843305   0.505482   0.632087
       0.2   0.824417   0.513028   0.632473
      0.21   0.795753   0.523332   0.631412
      0.22   0.764195    0.53172   0.627106
      0.23   0.749179   0.538127   0.626352
      0.24   0.710113   0.544771   0.616549
      0.25   0.689035   0.547435   0.610127
      0.26   0.652393   0.550867   0.597347
      0.27   0.630181    0.55451   0.589929
      0.28   0.578719    0.55547   0.566856
      0.29    0.54501   0.554881   0.549901
       0.3   0.503285   0.556682   0.528638
      0.31   0.467191   0.564516   0.511263
      0.32   0.452878   0.565954   0.503141
      0.33   0.413186   0.569022   0.478742
      0.34   0.388824   0.565313   0.460746
      0.35   0.339434   0.565045   0.424101
      0.36   0.322736   0.565379   0.410911
      0.37   0.291139   0.560472   0.383215
      0.38   0.273659   0.556527   0.366902
      0.39   0.249961   0.549863   0.343686
       0.4   0.233028   0.544139   0.326313
      0.41   0.214923   0.537008   0.306983
      0.42   0.196035    0.52381   0.285297
      0.43    0.18094   0.512374   0.267437
      0.44   0.165494   0.496482    0.24824
      0.45   0.151181    0.48176   0.230141
      0.46   0.134288   0.456776   0.207556
      0.47   0.117159   0.430175   0.184162
      0.48  0.0975285   0.406208   0.157292
      0.49  0.0851713   0.388418   0.139708
       0.5  0.0744564   0.372197   0.124089
      0.51  0.0667136    0.35828   0.112482
      0.52  0.0626466   0.345277   0.106051
      0.53  0.0535742   0.329897  0.0921789
      0.54  0.0484123   0.320215  0.0841085
      0.55  0.0411779    0.31384  0.0728034
      0.56  0.0332786   0.304878  0.0600072
      0.57  0.0301893   0.300429  0.0548653
      0.58  0.0275692   0.294248  0.0504149
      0.59  0.0233458   0.288056  0.0431912
       0.6  0.0209213   0.288177  0.0390105
      0.61  0.0206867   0.299479  0.0387001
      0.62  0.0199437    0.30663  0.0374515
      0.63  0.0199046   0.308571  0.0373969
      0.64  0.0195917       0.32  0.0369229
      0.65  0.0183013   0.315961  0.0345985
      0.66  0.0162287   0.327586  0.0309253
      0.67  0.0159941    0.33452  0.0305285
      0.68  0.0135304   0.335821  0.0260128
      0.69  0.0135304   0.340909  0.0260278
       0.7  0.0134522   0.347826  0.0259026
      0.71  0.0134522   0.359184  0.0259332
      0.72  0.0132567   0.364407  0.0255827
      0.73  0.0131003   0.361233  0.0252836
      0.74  0.0131003   0.368182  0.0253003
      0.75  0.0131003   0.373206   0.025312
      0.76  0.0131003   0.381188    0.02533
      0.77  0.0129047   0.389744  0.0249823
      0.78  0.0123964   0.402174  0.0240514
      0.79  0.0123964   0.410112  0.0240653
       0.8  0.0101283   0.410405  0.0197687
      0.81  0.0100109   0.421687  0.0195576
      0.82  0.0100109   0.424242  0.0195603
      0.83  0.0100109   0.426829  0.0195631
      0.84 0.00997184    0.43125   0.019493
      0.85 0.00997184    0.43125   0.019493
      0.86 0.00997184   0.435897  0.0194976
      0.87 0.00997184   0.427632  0.0194892
      0.88 0.00958079       0.42  0.0187342
      0.89 0.00938527   0.412162  0.0183526
       0.9 0.00938527        0.4  0.0183402
      0.91 0.00938527   0.402778  0.0183431
      0.92 0.00938527   0.394366  0.0183342
      0.93   0.008916   0.372263  0.0174149
      0.94   0.008916   0.367647  0.0174098
      0.95   0.008173   0.328125  0.0159487
      0.96 0.00629595      0.312  0.0123428
      0.97 0.00582669   0.264957  0.0114026
      0.98 0.00457532   0.241071  0.0089802
      0.99 0.00332395   0.213483 0.00654597
