         0          1   0.223995   0.366006
      0.01   0.997614   0.224236   0.366168
      0.02   0.995099   0.226441   0.368929
      0.03   0.992391   0.228005   0.370814
      0.04   0.981686   0.232079   0.375408
      0.05   0.974657   0.236496   0.380633
      0.06   0.964081   0.246576   0.392712
      0.07   0.957116   0.254438   0.402007
      0.08    0.94409   0.265202   0.414084
      0.09   0.934675    0.27235   0.421796
       0.1   0.905784   0.285214   0.433825
      0.11   0.878506   0.298635   0.445745
      0.12   0.853486   0.307823   0.452459
      0.13   0.814148   0.323773     0.4633
      0.14   0.799832   0.335245   0.472461
      0.15   0.775779   0.349058   0.481477
      0.16   0.753531   0.356027   0.483575
      0.17    0.71587   0.367729   0.485874
      0.18   0.693751   0.375623   0.487367
      0.19   0.656091   0.387401   0.487153
       0.2   0.637132   0.393466   0.486494
      0.21   0.611595   0.400589   0.484098
      0.22   0.590121   0.399739   0.476622
      0.23   0.561295   0.400234   0.467275
      0.24   0.527762   0.400259   0.455251
      0.25   0.504675    0.39801   0.445041
      0.26   0.451345   0.390843   0.418921
      0.27   0.427807   0.390927   0.408536
      0.28   0.383956    0.38348   0.383718
      0.29   0.366738   0.383678   0.375017
       0.3   0.337654   0.378926   0.357102
      0.31   0.320887   0.374304   0.345544
      0.32    0.30928   0.365908   0.335219
      0.33   0.290256   0.353583   0.318805
      0.34   0.263945   0.338614   0.296653
      0.35   0.233443   0.316931   0.268855
      0.36    0.21816   0.304515   0.254204
      0.37    0.18669   0.294186   0.228423
      0.38   0.177662    0.28219   0.218046
      0.39   0.153286   0.265615    0.19439
       0.4   0.135552   0.259832    0.17816
      0.41   0.123944   0.248493   0.165393
      0.42   0.112078   0.234072   0.151578
      0.43   0.101889   0.230605   0.141333
      0.44  0.0915715   0.222469    0.12974
      0.45  0.0800929   0.218727   0.117251
      0.46  0.0734507   0.210567   0.108911
      0.47  0.0669375   0.203588    0.10075
      0.48  0.0653253     0.1965  0.0980533
      0.49  0.0613916   0.189781  0.0927726
       0.5  0.0528793   0.180984  0.0818454
      0.51   0.049397   0.173028  0.0768535
      0.52  0.0461727   0.170121  0.0726322
      0.53   0.039595   0.164179  0.0638028
      0.54   0.039466   0.163265  0.0635663
      0.55  0.0375959   0.157752  0.0607207
      0.56  0.0366286   0.158525  0.0595075
      0.57  0.0314052   0.148636  0.0518541
      0.58  0.0258593   0.145733  0.0439245
      0.59  0.0246985   0.142023  0.0420793
       0.6  0.0224415   0.139901  0.0386786
      0.61  0.0168311   0.133938  0.0299043
      0.62  0.0163797   0.132642  0.0291587
      0.63  0.0130264   0.125402  0.0236011
      0.64  0.0106404   0.122449  0.0195793
      0.65  0.0064487   0.132857  0.0123004
      0.66  0.0064487   0.135174  0.0123101
      0.67  0.0064487   0.136499  0.0123156
      0.68  0.0064487   0.138462  0.0123234
      0.69  0.0064487   0.144928   0.012348
       0.7  0.0064487   0.145729  0.0123509
      0.71  0.0064487    0.14726  0.0123563
      0.72  0.0064487   0.148532  0.0123607
      0.73  0.0064487   0.149123  0.0123628
      0.74  0.0064487   0.151786  0.0123718
      0.75  0.0064487   0.152542  0.0123743
      0.76  0.0064487   0.155172  0.0123828
      0.77  0.0064487   0.150495  0.0123675
      0.78  0.0064487   0.151515  0.0123709
      0.79 0.00457858   0.148148 0.00888263
       0.8 0.00457858   0.147917 0.00888222
      0.81 0.00457858    0.14862 0.00888348
      0.82 0.00425614   0.140659 0.00826228
      0.83 0.00399819   0.140909 0.00777576
      0.84 0.00380473    0.14186 0.00741071
      0.85 0.00380473   0.142857 0.00741206
      0.86 0.00380473   0.142857 0.00741206
      0.87 0.00374025   0.141487 0.00728784
      0.88 0.00374025   0.141439 0.00728777
      0.89 0.00374025   0.139594 0.00728529
       0.9 0.00361127   0.134211  0.0070333
      0.91 0.00303089   0.132231 0.00592595
      0.92  0.0029664   0.129577 0.00580003
      0.93 0.00277294   0.114035 0.00541423
      0.94 0.00257948  0.0965732 0.00502475
      0.95 0.00174115       0.05 0.00336511
      0.96 0.00116077  0.0323887 0.00224121
      0.97 0.000580383  0.0147783  0.0011169
      0.98          0          0          0
      0.99          0          0          0
