         0          1   0.253826   0.404882
      0.01   0.999398   0.245324   0.393945
      0.02   0.998523   0.264759   0.418542
      0.03   0.995568   0.272244   0.427567
      0.04   0.987743   0.281124   0.437679
      0.05   0.979262   0.286899   0.443781
      0.06   0.964817   0.296366   0.453445
      0.07   0.955625   0.301941    0.45889
      0.08   0.937076   0.313963   0.470341
      0.09   0.921536   0.319876   0.474907
       0.1   0.894999   0.327487   0.479515
      0.11   0.863263   0.332299   0.479877
      0.12    0.84072   0.335898   0.480013
      0.13   0.808164    0.34037   0.479001
      0.14    0.78283   0.341577   0.475623
      0.15   0.750821   0.348097   0.475666
      0.16   0.735445    0.35104    0.47524
      0.17   0.708415   0.355535   0.473455
      0.18   0.684614   0.356226   0.468616
      0.19   0.653097   0.359151   0.463445
       0.2   0.631539   0.361899   0.460126
      0.21   0.610965    0.36163   0.454338
      0.22   0.579448   0.358854    0.44322
      0.23   0.561392   0.358661   0.437691
      0.24   0.540436   0.355215   0.428674
      0.25   0.521996   0.351542   0.420139
      0.26   0.485336    0.34515   0.403411
      0.27   0.461315   0.340528   0.391824
      0.28   0.434833   0.337023   0.379731
      0.29   0.417706   0.334281   0.371366
       0.3   0.400088   0.330452   0.361951
      0.31    0.37831   0.321375   0.347526
      0.32   0.364139   0.319708    0.34048
      0.33   0.338313   0.315952    0.32675
      0.34   0.325454   0.314761   0.320018
      0.35   0.304498   0.309419   0.306939
      0.36   0.289232   0.304532   0.296685
      0.37   0.269917   0.298383   0.283437
      0.38   0.258919     0.2981   0.277132
      0.39   0.232436   0.283646     0.2555
       0.4   0.219796   0.282198   0.247119
      0.41   0.206281   0.279698   0.237444
      0.42   0.177774   0.266162   0.213169
      0.43   0.162618   0.260965   0.200374
      0.44   0.151237   0.257028   0.190426
      0.45   0.134876   0.246127    0.17426
      0.46   0.118243    0.24053   0.158545
      0.47   0.111458   0.234327   0.151062
      0.48  0.0998577   0.223729   0.138084
      0.49  0.0939483    0.21875   0.131444
       0.5  0.0821843   0.207124   0.117676
      0.51  0.0700919   0.196248   0.103292
      0.52  0.0644014   0.196672  0.0970298
      0.53  0.0590392   0.193603   0.090485
      0.54  0.0547166   0.186813   0.084642
      0.55  0.0529109   0.182004  0.0819871
      0.56  0.0515977   0.175055  0.0797029
      0.57  0.0461808   0.173709   0.072964
      0.58    0.04536   0.173804  0.0719438
      0.59  0.0398337   0.170455  0.0645764
       0.6  0.0392318   0.169231   0.063697
      0.61  0.0372073   0.177258  0.0615044
      0.62  0.0364412   0.180812  0.0606574
      0.63  0.0325564   0.186992  0.0554573
      0.64  0.0290545   0.166667  0.0494828
      0.65  0.0251696      0.155  0.0433069
      0.66  0.0243489   0.163743  0.0423937
      0.67  0.0223244   0.153333  0.0389743
      0.68  0.0195338   0.153846  0.0346661
      0.69  0.0163055   0.145299  0.0293207
       0.7  0.0114358   0.148515  0.0212363
      0.71  0.0105056   0.141304  0.0195571
      0.72  0.0103961   0.141176  0.0193662
      0.73  0.0095754   0.121622  0.0177531
      0.74  0.0095754      0.125  0.0177882
      0.75  0.0089188   0.101695  0.0163994
      0.76 0.00837163  0.0943396  0.0153786
      0.77 0.00508864        0.1 0.00968447
      0.78 0.00508864   0.114286 0.00974345
      0.79 0.00399431        0.1 0.00768178
       0.8 0.00289998  0.0434783 0.00543729
      0.81 0.00289998  0.0555556 0.00551222
      0.82 0.00289998  0.0588235 0.00552745
      0.83 0.00289998  0.0588235 0.00552745
      0.84          0          0          0
      0.85          0          0          0
      0.86          0          0          0
      0.87          0          0          0
      0.88          0          0          0
      0.89          0          0          0
       0.9          0          0          0
      0.91          0          0          0
      0.92          0          0          0
      0.93          0          0          0
      0.94          0          0          0
      0.95          0          0          0
      0.96          0          0          0
      0.97          0          0          0
      0.98          0          0          0
      0.99          0          0          0
