         0          1   0.418411   0.589971
      0.01   0.997563   0.416836   0.587981
      0.02   0.995949   0.439692   0.610056
      0.03   0.994936   0.455525    0.62493
      0.04   0.993449   0.480119   0.647373
      0.05   0.992246   0.495404   0.660858
      0.06   0.990347   0.513687   0.676485
      0.07   0.988354   0.523815   0.684732
      0.08   0.982467   0.529597   0.688214
      0.09   0.979746   0.531842   0.689434
       0.1   0.973827    0.53505   0.690641
      0.11   0.962213   0.538744   0.690741
      0.12   0.950598    0.54289   0.691093
      0.13   0.937464   0.548642   0.692188
      0.14   0.928318   0.550195   0.690905
      0.15   0.901006   0.548963   0.682248
      0.16   0.886132    0.55145   0.679833
      0.17   0.853915   0.560482   0.676761
      0.18   0.838534   0.572342   0.680327
      0.19   0.810178   0.600242   0.689586
       0.2   0.785651   0.618511   0.692133
      0.21   0.750396   0.646775   0.694743
      0.22   0.720425   0.674089   0.696488
      0.23   0.702291   0.692655    0.69744
      0.24   0.680834   0.716162   0.698051
      0.25   0.665264   0.726027   0.694319
      0.26   0.642382   0.732593   0.684528
      0.27   0.630894   0.735425   0.679161
      0.28   0.612792   0.741005   0.670827
      0.29   0.595607   0.742422    0.66096
       0.3   0.570226   0.752052   0.648637
      0.31   0.546712   0.761422   0.636446
      0.32   0.533135   0.765812   0.628634
      0.33   0.514115   0.779076   0.619452
      0.34   0.497531   0.784354   0.608854
      0.35   0.481866   0.799729   0.601379
      0.36   0.473574    0.80714   0.596918
      0.37   0.460884   0.813328   0.588363
      0.38   0.453257   0.813692   0.582204
      0.39   0.444079   0.815951    0.57514
       0.4   0.440281   0.817836   0.572407
      0.41   0.428508   0.818839   0.562601
      0.42   0.415976   0.817123     0.5513
      0.43   0.407652   0.814889   0.543444
      0.44   0.387936   0.811777   0.524988
      0.45   0.379106   0.809679   0.516417
      0.46    0.35977   0.809107   0.498072
      0.47   0.349421   0.817267    0.48954
      0.48   0.335084   0.833114   0.477939
      0.49   0.324134    0.83642   0.467212
       0.5   0.311001   0.831122    0.45263
      0.51   0.298215   0.826119   0.438235
      0.52   0.286157   0.822972   0.424656
      0.53   0.274321   0.817432   0.410787
      0.54   0.265017    0.81207   0.399619
      0.55   0.251883   0.805976   0.383816
      0.56    0.24261   0.802512   0.372584
      0.57   0.235015   0.797127   0.363006
      0.58   0.226502   0.793767   0.352436
      0.59   0.222008   0.786932   0.346314
       0.6   0.218432   0.781022   0.341386
      0.61   0.207292   0.770097   0.326655
      0.62    0.20207   0.765766   0.319761
      0.63   0.200139   0.761339   0.316957
      0.64   0.195614   0.754337   0.310666
      0.65   0.190392   0.748706   0.303584
      0.66   0.182955   0.742604    0.29358
      0.67   0.180265   0.737794   0.289738
      0.68   0.176435   0.732298   0.284359
      0.69   0.171688   0.732063   0.278144
       0.7   0.159472   0.731374   0.261849
      0.71   0.150927   0.756677   0.251659
      0.72   0.146243   0.775753   0.246094
      0.73    0.13792   0.768041   0.233847
      0.74   0.131686   0.755083    0.22426
      0.75   0.122286   0.736575    0.20975
      0.76   0.114912   0.727571   0.198477
      0.77   0.104627   0.703474   0.182161
      0.78  0.0950693   0.690958   0.167142
      0.79  0.0889613   0.685185   0.157477
       0.8  0.0812077   0.661046   0.144646
      0.81  0.0710488   0.628942   0.127675
      0.82  0.0579784   0.570499   0.105259
      0.83  0.0536743   0.527711   0.097438
      0.84  0.0459839    0.46978  0.0837683
      0.85  0.0398443    0.43695  0.0730292
      0.86  0.0345591   0.400631  0.0636295
      0.87   0.027122   0.368243  0.0505228
      0.88  0.0217102   0.337079  0.0407931
      0.89  0.0184505   0.311284  0.0348362
       0.9  0.0155706   0.280335  0.0295026
      0.91  0.0111716   0.239819  0.0213487
      0.92  0.0100639   0.222749  0.0192578
      0.93 0.00867143   0.183246  0.0165593
      0.94  0.0078486   0.155556  0.0149432
      0.95 0.00503196   0.119048 0.00965579
      0.96 0.00167732  0.0653595 0.00327071
      0.97 0.000348123  0.0258621 0.000686999
      0.98 0.000348123       0.06 0.00069223
      0.99 0.000284828        0.5 0.000569332
