         0          1   0.176689   0.300316
      0.01   0.998274   0.152659    0.26482
      0.02   0.995644   0.155446   0.268908
      0.03   0.993096   0.157143   0.271349
      0.04   0.976494   0.156722   0.270096
      0.05   0.952166    0.15509   0.266734
      0.06   0.904167   0.155319   0.265098
      0.07   0.874332   0.155187   0.263589
      0.08   0.823539   0.157509   0.264441
      0.09   0.785978   0.159154   0.264707
       0.1   0.750308   0.164087   0.269284
      0.11   0.698364   0.167622   0.270353
      0.12   0.679625   0.171994   0.274516
      0.13   0.636804   0.178871   0.279292
      0.14   0.601134   0.184762    0.28265
      0.15   0.570313   0.195473   0.291154
      0.16   0.555519    0.20181   0.296065
      0.17   0.534396   0.211284   0.302835
      0.18   0.519684   0.218444   0.307594
      0.19    0.48237   0.228636   0.310228
       0.2   0.457303   0.233812   0.309422
      0.21   0.435111   0.244428   0.313016
      0.22   0.407824   0.253489   0.312648
      0.23   0.391058   0.257827   0.310765
      0.24   0.358757   0.265208    0.30497
      0.25    0.33747   0.271031   0.300624
      0.26   0.313224   0.278583    0.29489
      0.27   0.295225   0.283755   0.289376
      0.28   0.283061   0.291841   0.287384
      0.29   0.276239   0.299056   0.287195
       0.3    0.25824   0.302263   0.278522
      0.31   0.250514   0.308002   0.276299
      0.32   0.240651   0.303927   0.268613
      0.33   0.234733   0.304854   0.265238
      0.34   0.222487   0.301221   0.255936
      0.35   0.215254    0.30246   0.251513
      0.36   0.209665   0.294385   0.244906
      0.37   0.200789     0.2904    0.23742
      0.38    0.18057     0.2775    0.21878
      0.39   0.173256   0.269062   0.210783
       0.4   0.167995   0.262354    0.20483
      0.41   0.158215   0.243902   0.191929
      0.42   0.134298    0.23092   0.169828
      0.43    0.13175   0.224327   0.166004
      0.44   0.117531   0.210962   0.150959
      0.45   0.110956   0.205696   0.144153
      0.46     0.1066   0.193798   0.137543
      0.47  0.0964083     0.1813   0.125879
      0.48  0.0884359   0.168831   0.116072
      0.49  0.0818608   0.161604   0.108673
       0.5  0.0715049   0.148428  0.0965142
      0.51   0.064601   0.143043  0.0890054
      0.52   0.062464   0.139037  0.0862013
      0.53  0.0599984   0.133978  0.0828808
      0.54  0.0564642   0.130312   0.078789
      0.55  0.0503822   0.127007  0.0721453
      0.56  0.0493137   0.121766   0.070198
      0.57  0.0445467   0.116904  0.0645111
      0.58  0.0433961    0.11755  0.0633902
      0.59  0.0383003   0.112299  0.0571197
       0.6  0.0319717   0.108614  0.0494016
      0.61  0.0292595      0.108  0.0460445
      0.62  0.0282732   0.104603  0.0445145
      0.63  0.0261363  0.0965665  0.0411382
      0.64  0.0217802  0.0909091  0.0351412
      0.65  0.0215337  0.0883721  0.0346292
      0.66  0.0174242  0.0863309  0.0289961
      0.67  0.0129859  0.0822943  0.0224321
      0.68  0.0129859  0.0846154  0.0225163
      0.69  0.0129859  0.0835509  0.0224782
       0.7  0.0124106  0.0846995  0.0216491
      0.71  0.0121641  0.0845481  0.0212682
      0.72  0.0115887       0.08  0.0202448
      0.73  0.0105203  0.0769231  0.0185091
      0.74  0.0105203  0.0853659   0.018732
      0.75 0.00969836  0.0855856  0.0174225
      0.76 0.00969836  0.0857143  0.0174251
      0.77 0.00969836  0.0876289  0.0174639
      0.78 0.00969836  0.0994152  0.0176727
      0.79 0.00838333   0.104895  0.0155258
       0.8 0.00764363   0.118182  0.0143586
      0.81 0.00493137   0.131579 0.00950646
      0.82 0.00493137   0.175439 0.00959309
      0.83 0.00493137   0.208333 0.00963468
      0.84 0.000821895   0.170732 0.00163592
      0.85 0.000821895   0.179487  0.0016363
      0.86 0.000739706   0.181818 0.00147342
      0.87 0.000739706   0.214286 0.00147432
      0.88 0.000657516       0.25 0.00131158
      0.89 0.000493137   0.266667 0.000984454
       0.9 0.000493137   0.285714 0.000984575
      0.91 0.000410948        0.3 0.000820771
      0.92          0          0          0
      0.93          0          0          0
      0.94          0          0          0
      0.95          0          0          0
      0.96          0          0          0
      0.97          0          0          0
      0.98          0          0          0
      0.99          0          0          0
