         0          1   0.263807   0.417479
      0.01   0.998716   0.307866   0.470649
      0.02    0.99611   0.353191   0.521481
      0.03   0.993957   0.390336   0.560541
      0.04   0.992068   0.430555   0.600496
      0.05   0.990179   0.444021   0.613109
      0.06   0.986062   0.459777   0.627136
      0.07   0.981228    0.46589     0.6318
      0.08   0.960907    0.47782   0.638259
      0.09   0.952446   0.482784   0.640769
       0.1    0.93711   0.491032   0.644405
      0.11   0.917809   0.497312   0.645086
      0.12    0.90085   0.500766   0.643707
      0.13   0.872181   0.506432   0.640789
      0.14   0.856846    0.50788   0.637747
      0.15   0.821794   0.516158   0.634067
      0.16   0.793692    0.51813   0.626969
      0.17   0.751615   0.518813   0.613884
      0.18   0.727856   0.522962   0.608628
      0.19   0.691256   0.531212   0.600757
       0.2   0.677356   0.538162   0.599789
      0.21   0.640907   0.546243     0.5898
      0.22    0.60457   0.541571   0.571339
      0.23   0.571067   0.540334   0.555276
      0.24   0.508253   0.533789   0.520708
      0.25   0.478602   0.533102   0.504384
      0.26   0.430633    0.53495   0.477156
      0.27   0.395392   0.538564   0.456004
      0.28   0.347838   0.548167   0.425607
      0.29   0.329065   0.562548   0.415236
       0.3   0.301076   0.566084   0.393087
      0.31   0.278791   0.567254   0.373846
      0.32   0.256846   0.572646   0.354631
      0.33   0.239736   0.584601    0.34003
      0.34   0.232408   0.593304   0.333987
      0.35   0.222776   0.598664   0.324718
      0.36   0.220321   0.599789   0.322264
      0.37    0.21254   0.604097   0.314448
      0.38   0.205779   0.612996   0.308123
      0.39   0.202342   0.611213   0.304033
       0.4    0.19441   0.612437   0.295134
      0.41   0.191841   0.606557    0.29149
      0.42   0.185307    0.60724    0.28396
      0.43   0.184551   0.607418   0.283091
      0.44   0.179037     0.6171   0.277549
      0.45   0.173749   0.631289   0.272498
      0.46   0.167177   0.636591   0.264811
      0.47   0.162644     0.6331   0.258802
      0.48   0.157734   0.624886   0.251886
      0.49   0.155543    0.62117   0.248788
       0.5   0.151615   0.608653   0.242759
      0.51   0.140774   0.587166   0.227101
      0.52   0.133787   0.572235    0.21687
      0.53    0.12102   0.568381   0.199551
      0.54    0.11475   0.575035   0.191321
      0.55   0.105949   0.596154   0.179922
      0.56  0.0983192   0.615242   0.169544
      0.57  0.0873654   0.684597   0.154956
      0.58   0.084457   0.795107   0.152695
      0.59  0.0770161   0.875472   0.141577
       0.6  0.0739943   0.862661   0.136298
      0.61  0.0640982   0.865922   0.119361
      0.62  0.0539754   0.863946   0.101603
      0.63   0.051407   0.862319  0.0970296
      0.64  0.0501228   0.868852  0.0947779
      0.65  0.0488008   0.854545  0.0923289
      0.66  0.0477809       0.85  0.0904759
      0.67  0.0455902   0.849462   0.086536
      0.68  0.0392446   0.858824  0.0750593
      0.69  0.0376959   0.851852   0.072197
       0.7  0.0299528    0.84058  0.0578444
      0.71  0.0237583   0.810345  0.0461631
      0.72  0.0215297   0.792453  0.0419206
      0.73  0.0197923   0.787234  0.0386137
      0.74  0.0171105   0.813953  0.0335164
      0.75  0.0159773       0.85  0.0313651
      0.76  0.0159773   0.868421  0.0313774
      0.77  0.0134466   0.911765  0.0265024
      0.78  0.0128423   0.935484  0.0253368
      0.79  0.0104627   0.956522   0.020699
       0.8  0.0102361   0.952381  0.0202545
      0.81  0.0102361   0.952381  0.0202545
      0.82 0.00948064   0.947368  0.0187734
      0.83 0.00932956          1  0.0184866
      0.84  0.0091407          1  0.0181158
      0.85  0.0091407          1  0.0181158
      0.86  0.0091407          1  0.0181158
      0.87 0.00872521          1  0.0172995
      0.88 0.00789424          1  0.0156648
      0.89 0.00713881          1  0.0141764
       0.9 0.00630784          1  0.0125366
      0.91 0.00577904          1  0.0114917
      0.92 0.00577904          1  0.0114917
      0.93 0.00577904          1  0.0114917
      0.94 0.00577904          1  0.0114917
      0.95 0.00551464          1  0.0109688
      0.96 0.00551464          1  0.0109688
      0.97 0.00525024          1  0.0104456
      0.98 0.00234183          1 0.00467272
      0.99 0.00207743          1 0.00414625
