         0          1   0.181029   0.306561
      0.01   0.996661   0.168485   0.288243
      0.02   0.983412   0.174133   0.295875
      0.03    0.97458   0.177376   0.300128
      0.04   0.935373    0.17951   0.301214
      0.05   0.905106   0.181869   0.302879
      0.06   0.863744   0.187069   0.307533
      0.07   0.833154   0.189881   0.309276
      0.08   0.791577   0.196582   0.314949
      0.09   0.770358   0.198874   0.316135
       0.1   0.738044   0.201899   0.317063
      0.11   0.686234   0.206607   0.317595
      0.12   0.660168   0.209857   0.318476
      0.13   0.648212   0.215254   0.323186
      0.14   0.625916   0.219226    0.32472
      0.15   0.604265   0.223986   0.326826
      0.16   0.594464   0.228756   0.330379
      0.17   0.571952   0.236351   0.334482
      0.18    0.56592   0.242583   0.339597
      0.19   0.547178   0.252043   0.345117
       0.2   0.537699   0.257786   0.348495
      0.21   0.522727    0.26559   0.352222
      0.22   0.505386   0.275668   0.356746
      0.23    0.49763   0.282991   0.360802
      0.24   0.479642   0.294956   0.365282
      0.25   0.473718   0.302582   0.369287
      0.26     0.4581   0.312693   0.371681
      0.27   0.444313   0.319927   0.371998
      0.28   0.434511   0.328438   0.374101
      0.29   0.424925   0.334171   0.374123
       0.3   0.412861   0.344328   0.375493
      0.31   0.403059   0.355257   0.377652
      0.32   0.392826   0.364865    0.37833
      0.33   0.378501   0.375789    0.37714
      0.34   0.372253   0.384746   0.378396
      0.35   0.364175   0.403965    0.38304
      0.36   0.349957   0.411531   0.378254
      0.37   0.340047   0.421168   0.376285
      0.38   0.334446   0.427911   0.375449
      0.39   0.324537   0.433531   0.371198
       0.4   0.320444   0.438785   0.370391
      0.41   0.303425   0.441406   0.359635
      0.42   0.291254   0.450374   0.353744
      0.43   0.272081    0.45362   0.340144
      0.44   0.254201       0.46    0.32745
      0.45   0.252047   0.471372   0.328462
      0.46   0.237829   0.479821   0.318025
      0.47   0.232981   0.488038   0.315397
      0.48   0.213809        0.5   0.299532
      0.49   0.207131        0.5   0.292917
       0.5   0.197436   0.514286   0.285333
      0.51   0.181495   0.528967    0.27026
      0.52   0.171693   0.521505   0.258336
      0.53   0.158552   0.501502   0.240933
      0.54   0.154998   0.495177   0.236095
      0.55   0.147673        0.5   0.228006
      0.56   0.123869   0.472803   0.196308
      0.57   0.105989   0.453202   0.171799
      0.58  0.0909091   0.453552    0.15146
      0.59  0.0755062   0.425676   0.128262
       0.6  0.0723826   0.434783   0.124104
      0.61  0.0575183   0.424779   0.101317
      0.62  0.0532098     0.4375  0.0948801
      0.63  0.0429772        0.4  0.0776151
      0.64   0.027682   0.337838  0.0511712
      0.65  0.0234813   0.353846    0.04404
      0.66  0.0161568   0.355932  0.0309105
      0.67  0.0100172   0.345455  0.0194699
      0.68  0.0096941   0.367347  0.0188897
      0.69  0.0096941   0.391304  0.0189195
       0.7 0.00947867   0.386364  0.0185034
      0.71 0.00947867   0.404762  0.0185236
      0.72 0.00947867   0.404762  0.0185236
      0.73 0.00947867   0.435897  0.0185539
      0.74 0.00947867   0.435897  0.0185539
      0.75 0.00829384    0.46875  0.0162993
      0.76 0.00829384    0.46875  0.0162993
      0.77 0.00775528   0.482759  0.0152653
      0.78 0.00366221   0.481481 0.00726914
      0.79  0.0035545   0.461538 0.00705467
       0.8 0.00290823       0.44 0.00577827
      0.81 0.00290823   0.478261  0.0057813
      0.82 0.00290823        0.5 0.00578282
      0.83 0.00290823        0.5 0.00578282
      0.84 0.00290823        0.5 0.00578282
      0.85 0.00290823       0.55 0.00578586
      0.86 0.00290823   0.578947 0.00578739
      0.87 0.00290823   0.578947 0.00578739
      0.88 0.00226196   0.529412 0.00450467
      0.89 0.00226196   0.529412 0.00450467
       0.9 0.00183111        0.5 0.00364885
      0.91 0.00183111   0.533333 0.00364968
      0.92 0.00183111   0.533333 0.00364968
      0.93 0.00140026        0.5  0.0027927
      0.94 0.00140026        0.5  0.0027927
      0.95 0.000753985   0.454545 0.00150547
      0.96 0.000430849        0.4 0.00086077
      0.97 0.000430849   0.444444 0.000860863
      0.98 0.000107712   0.166667 0.000215285
      0.99          0          0          0
