         0          1   0.235879   0.381719
      0.01   0.996397   0.288976   0.448017
      0.02   0.989119   0.329206   0.493997
      0.03   0.979298   0.343625   0.508739
      0.04   0.962764   0.367098   0.531527
      0.05   0.949693   0.389452   0.552382
      0.06   0.918957   0.433501   0.589103
      0.07   0.894086   0.451378   0.599898
      0.08   0.858193   0.480662   0.616199
      0.09   0.829859   0.501449   0.625148
       0.1    0.79227   0.530049    0.63516
      0.11   0.752279   0.552704   0.637231
      0.12   0.710026   0.565917   0.629834
      0.13   0.662545   0.578919   0.617915
      0.14   0.631456   0.591496   0.610823
      0.15   0.602416   0.611776    0.60706
      0.16   0.591394   0.621243   0.605951
      0.17   0.573235   0.635521   0.602773
      0.18   0.563626   0.638166   0.598584
      0.19   0.546739   0.644704   0.591694
       0.2   0.535787   0.644685   0.585214
      0.21   0.511552   0.644816   0.570505
      0.22   0.485339   0.648368   0.555131
      0.23   0.475235   0.646329   0.547732
      0.24   0.450858   0.648739   0.531994
      0.25   0.429238   0.641071   0.514192
      0.26   0.407405   0.629771   0.494751
      0.27   0.373066   0.619718   0.465752
      0.28   0.352293    0.59943   0.443774
      0.29   0.331096   0.584203   0.422654
       0.3   0.291952       0.56   0.383808
      0.31   0.272946   0.538261   0.362216
      0.32   0.251678   0.519889   0.339166
      0.33   0.232883    0.50998   0.319752
      0.34   0.215078    0.48984   0.298911
      0.35   0.184908   0.472665   0.265824
      0.36   0.173179   0.453571   0.250655
      0.37   0.159966   0.430025   0.233188
      0.38   0.131421   0.412467   0.199331
      0.39   0.118985   0.389665   0.182304
       0.4   0.109941   0.379801   0.170522
      0.41   0.102098   0.364706   0.159535
      0.42  0.0881792   0.355522    0.14131
      0.43  0.0857062   0.349693   0.137671
      0.44  0.0823147   0.339593    0.13251
      0.45  0.0789939    0.33439   0.127798
      0.46  0.0783579   0.394636   0.130754
      0.47  0.0782873   0.415638   0.131757
      0.48  0.0768742    0.58209   0.135812
      0.49  0.0742599   0.684982   0.133993
       0.5  0.0742599   0.700758   0.134289
      0.51  0.0710803   0.709016   0.129207
      0.52  0.0707977   0.736607    0.12918
      0.53  0.0657105   0.748768   0.120818
      0.54  0.0648626   0.753927   0.119449
      0.55   0.061683   0.758427   0.114087
      0.56  0.0616124   0.769231   0.114087
      0.57  0.0604112   0.798611   0.112326
      0.58  0.0599166   0.788321   0.111369
      0.59  0.0576556        0.8   0.107559
       0.6  0.0557479   0.823529   0.104427
      0.61  0.0549707   0.857143   0.103315
      0.62  0.0519325   0.967213  0.0985723
      0.63  0.0500247          1   0.095283
      0.64   0.041334          1  0.0793866
      0.65   0.041334          1  0.0793866
      0.66  0.0370946          1  0.0715356
      0.67  0.0315834          1  0.0612329
      0.68  0.0311595          1  0.0604358
      0.69  0.0271321          1  0.0528307
       0.7  0.0234579          1  0.0458405
      0.71  0.0222568          1  0.0435444
      0.72  0.0209143          1  0.0409717
      0.73  0.0127888          1  0.0252546
      0.74  0.0127888          1  0.0252546
      0.75  0.0127888          1  0.0252546
      0.76  0.0127888          1  0.0252546
      0.77  0.0127888          1  0.0252546
      0.78  0.0125768          1  0.0248413
      0.79  0.0125768          1  0.0248413
       0.8  0.0125768          1  0.0248413
      0.81  0.0125768          1  0.0248413
      0.82  0.0109517          1  0.0216662
      0.83  0.0105985          1  0.0209746
      0.84  0.0105985          1  0.0209746
      0.85 0.00699498          1  0.0138928
      0.86 0.00699498          1  0.0138928
      0.87 0.00699498          1  0.0138928
      0.88 0.00699498          1  0.0138928
      0.89 0.00699498          1  0.0138928
       0.9 0.00699498          1  0.0138928
      0.91  0.0066417          1  0.0131958
      0.92 0.00621776          1  0.0123587
      0.93 0.00621776          1  0.0123587
      0.94 0.00614711          1  0.0122191
      0.95 0.00614711          1  0.0122191
      0.96 0.00494595          1 0.00984321
      0.97 0.00303823          1 0.00605804
      0.98 0.00303823          1 0.00605804
      0.99 0.00268494          1 0.00535551
