         0          1   0.265439    0.41952
      0.01    0.99968   0.242077   0.389769
      0.02   0.991373   0.250683   0.400175
      0.03    0.98099   0.258672   0.409394
      0.04   0.962898    0.27189   0.424044
      0.05   0.953672   0.281347   0.434508
      0.06   0.931467     0.2951   0.448203
      0.07   0.917688   0.304067   0.456783
      0.08   0.889572   0.315674   0.465988
      0.09   0.868805   0.324695   0.472721
       0.1   0.849754   0.338806   0.484455
      0.11   0.834378   0.353349   0.496455
      0.12   0.816646   0.362851   0.502453
      0.13   0.798634   0.380272    0.51522
      0.14   0.787172   0.392245   0.523588
      0.15   0.760853   0.409218   0.532198
      0.16   0.753225   0.422036   0.540966
      0.17   0.725149   0.434337   0.543274
      0.18   0.697552   0.439882   0.539531
      0.19   0.657215   0.443337   0.529494
       0.2   0.638564    0.44864   0.527013
      0.21   0.604337   0.445841   0.513129
      0.22   0.571189   0.451347   0.504245
      0.23   0.541475   0.449937    0.49148
      0.24   0.491353   0.445446   0.467275
      0.25   0.453413   0.442337   0.447806
      0.26   0.413395   0.437018   0.424878
      0.27   0.387316   0.435549   0.410019
      0.28   0.356324   0.435351   0.391893
      0.29   0.331123    0.43283   0.375207
       0.3   0.289628   0.426762    0.34507
      0.31   0.246775   0.417625   0.310233
      0.32   0.216103   0.414966   0.284201
      0.33   0.191661   0.406528   0.260505
      0.34    0.17277    0.39499   0.240392
      0.35   0.148848   0.387931   0.215145
      0.36   0.135349   0.380172   0.199627
      0.37   0.124725   0.365535   0.185989
      0.38    0.11538   0.353052   0.173921
      0.39   0.107672   0.345473   0.164176
       0.4   0.104158   0.345982   0.160113
      0.41  0.0888214   0.337992   0.140675
      0.42  0.0816327   0.331437      0.131
      0.43  0.0729662   0.324615    0.11915
      0.44  0.0657374   0.324607   0.109333
      0.45  0.0604657   0.325188   0.101971
      0.46  0.0563122   0.325991  0.0960351
      0.47  0.0478454    0.31592  0.0831047
      0.48  0.0394185   0.309038  0.0699187
      0.49  0.0307121    0.29595  0.0556492
       0.5  0.0252007   0.276817  0.0461958
      0.51  0.0181717   0.263566  0.0339992
      0.52  0.0163745   0.251012  0.0307434
      0.53  0.0142178   0.241228  0.0268529
      0.54 0.00946523   0.225352  0.0181674
      0.55 0.00850673   0.227513  0.0164003
      0.56 0.00690922   0.235955  0.0134253
      0.57 0.00658972   0.251534   0.012843
      0.58 0.00658972   0.261146  0.0128551
      0.59 0.00619034   0.255172  0.0120875
       0.6 0.00619034   0.270073  0.0121033
      0.61 0.00619034    0.27907   0.012112
      0.62 0.00587084   0.272727  0.0114943
      0.63 0.00431327   0.258621 0.00848503
      0.64 0.00431327   0.267857 0.00848983
      0.65 0.00403371   0.268519 0.00794802
      0.66 0.00403371    0.27619 0.00795129
      0.67 0.00403371   0.278846 0.00795238
      0.68 0.00355446   0.267327 0.00701563
      0.69 0.00355446   0.262626 0.00701398
       0.7  0.0030752   0.263158 0.00607936
      0.71 0.00299533   0.255319 0.00592119
      0.72 0.00299533   0.255319 0.00592119
      0.73 0.00283558   0.247312 0.00560687
      0.74 0.00263589    0.23913  0.0052143
      0.75 0.00263589   0.241758 0.00521492
      0.76 0.00263589   0.252874 0.00521739
      0.77 0.00263589   0.255814 0.00521801
      0.78 0.00263589   0.258824 0.00521863
      0.79 0.00263589   0.271605 0.00522111
       0.8 0.00263589   0.271605 0.00522111
      0.81 0.00263589   0.271605 0.00522111
      0.82 0.00263589      0.275 0.00522173
      0.83 0.00263589    0.25641 0.00521813
      0.84 0.00235632   0.246753 0.00466807
      0.85 0.00235632       0.24 0.00466683
      0.86 0.00235632   0.239437 0.00466672
      0.87 0.00235632   0.231884 0.00466524
      0.88 0.00235632   0.253968 0.00466933
      0.89 0.00235632   0.266667 0.00467137
       0.9 0.00207676   0.245614  0.0041187
      0.91 0.00207676   0.245614  0.0041187
      0.92  0.0017972   0.218182 0.00356503
      0.93 0.00159751   0.207547 0.00317061
      0.94 0.00103838   0.222222  0.0020671
      0.95 0.000399377        0.2 0.000797162
      0.96 0.000359439   0.193548 0.000717546
      0.97 0.000199688   0.190476 0.000398959
      0.98 7.98754e-05   0.153846 0.000159668
      0.99          0          0          0
