         0          1   0.256164   0.407851
      0.01   0.999536    0.24448   0.392867
      0.02   0.999187   0.273854   0.429886
      0.03   0.998955   0.310104   0.473286
      0.04   0.995763   0.363608   0.532699
      0.05   0.994835   0.394813   0.565285
      0.06   0.982821   0.433832   0.601953
      0.07    0.98108   0.453073   0.619879
      0.08   0.978178   0.474285   0.638825
      0.09   0.974695    0.48601   0.648607
       0.1   0.961521   0.500836   0.658614
      0.11   0.949391   0.514682     0.6675
      0.12   0.942368   0.522962   0.672644
      0.13   0.925421   0.531345   0.675081
      0.14   0.917818    0.53567   0.676507
      0.15   0.900406   0.541037   0.675924
      0.16   0.884794   0.543549   0.673408
      0.17   0.859663   0.546124   0.667928
      0.18   0.846605   0.546998   0.664596
      0.19   0.823564    0.54761   0.657818
       0.2   0.814335    0.55171   0.657778
      0.21    0.80029   0.556555   0.656531
      0.22   0.779454   0.559235   0.651231
      0.23   0.768253   0.560872   0.648384
      0.24    0.74852   0.562081    0.64204
      0.25   0.730586   0.565355   0.637437
      0.26   0.705223   0.572209   0.631791
      0.27   0.688044   0.576268   0.627215
      0.28   0.662739   0.579459   0.618308
      0.29   0.643413   0.580495   0.610336
       0.3   0.619269   0.582989   0.600581
      0.31   0.585258   0.585149   0.585204
      0.32   0.562797    0.58235   0.572407
      0.33   0.528091   0.581203   0.553375
      0.34   0.510389   0.583592   0.544541
      0.35   0.488973   0.582927   0.531832
      0.36   0.472954   0.585335   0.523177
      0.37   0.449507   0.590261   0.510357
      0.38   0.436274   0.592047   0.502362
      0.39   0.413581   0.595028   0.487983
       0.4   0.396111   0.597287   0.476329
      0.41   0.362449   0.593376   0.450017
      0.42   0.348462   0.591638   0.438599
      0.43   0.332559   0.587133   0.424613
      0.44   0.316947   0.575888   0.408868
      0.45   0.305978   0.567492   0.397587
      0.46   0.279222   0.552077   0.370871
      0.47   0.265932   0.546424   0.357753
      0.48   0.248578   0.532459   0.338928
      0.49   0.234823   0.521088   0.323751
       0.5    0.22693   0.511396   0.314363
      0.51   0.219153    0.50484    0.30563
      0.52   0.211666   0.496909   0.296874
      0.53   0.195879    0.48139   0.278454
      0.54   0.180905   0.474712   0.261976
      0.55   0.166164   0.465953   0.244969
      0.56   0.154092   0.469917   0.232081
      0.57    0.13993   0.452725   0.213784
      0.58     0.1296   0.441347   0.200363
      0.59   0.112362   0.425273   0.177758
       0.6   0.110331    0.41791   0.174573
      0.61   0.103947    0.40874   0.165743
      0.62  0.0950667   0.407703   0.154182
      0.63  0.0892049    0.40382   0.146129
      0.64  0.0837493   0.392241   0.138028
      0.65  0.0827046   0.399076   0.137014
      0.66  0.0777713   0.376414   0.128909
      0.67  0.0751596   0.366776   0.124755
      0.68  0.0688334   0.353041   0.115205
      0.69  0.0654672   0.344234   0.110012
       0.7  0.0628555    0.33156   0.105677
      0.71  0.0579803   0.311808  0.0977787
      0.72  0.0571677   0.303371  0.0962062
      0.73  0.0535694   0.288719  0.0903711
      0.74  0.0496228   0.264822  0.0835835
      0.75  0.0445154       0.25  0.0755739
      0.76  0.0392919   0.229645  0.0671027
      0.77  0.0299478   0.196078  0.0519596
      0.78  0.0273941       0.18  0.0475514
      0.79  0.0213581   0.163636  0.0377845
       0.8  0.0171793   0.148148  0.0307884
      0.81  0.0131747   0.130024  0.0239252
      0.82  0.0122461   0.125891  0.0223209
      0.83  0.0122461   0.125891  0.0223209
      0.84  0.0116657   0.121718  0.0212908
      0.85  0.0116657   0.119904  0.0212627
      0.86  0.0116657   0.115942  0.0211985
      0.87  0.0116657   0.115942  0.0211985
      0.88  0.0114916   0.109489  0.0208001
      0.89  0.0114916   0.107317  0.0207602
       0.9  0.0107951   0.102941   0.019541
      0.91  0.0102728  0.0987654  0.0186099
      0.92  0.0102728  0.0990099  0.0186142
      0.93  0.0100987  0.0934343  0.0182273
      0.94 0.00946024  0.0848329  0.0170222
      0.95 0.00719675  0.0613333   0.012882
      0.96 0.00533952  0.0570652 0.00976532
      0.97 0.00475914  0.0515759 0.00871419
      0.98 0.00104469  0.0167364 0.00196662
      0.99          0          0          0
