         0          1   0.339259   0.506637
      0.01   0.996985   0.298277   0.459178
      0.02   0.995555   0.370199   0.539707
      0.03   0.992772   0.463974   0.632396
      0.04   0.987012   0.610703   0.754542
      0.05   0.986162   0.678042   0.803578
      0.06   0.983804   0.728976   0.837433
      0.07   0.979513   0.743688   0.845464
      0.08   0.973715   0.754094   0.849946
      0.09   0.968574   0.756323   0.849389
       0.1   0.957364   0.755974   0.844833
      0.11   0.939737   0.754496    0.83699
      0.12    0.92671   0.751599   0.830019
      0.13   0.908195   0.746026   0.819161
      0.14   0.895014   0.741513   0.811065
      0.15   0.868535   0.734881   0.796138
      0.16   0.852068   0.731205   0.787023
      0.17   0.821337   0.722334   0.768661
      0.18   0.809316   0.718267   0.761078
      0.19    0.78879   0.706781   0.745537
       0.2   0.772169   0.698447    0.73346
      0.21    0.73421   0.684911   0.708704
      0.22   0.707228   0.670507   0.688379
      0.23   0.682296   0.661378   0.671674
      0.24   0.651566   0.648221   0.649889
      0.25   0.636451   0.640834   0.638635
      0.26   0.602126   0.623862   0.612801
      0.27   0.578779   0.614563   0.596134
      0.28   0.546077   0.597867   0.570799
      0.29   0.526633   0.590538   0.556758
       0.3   0.484074   0.577882   0.526835
      0.31   0.450329   0.566341   0.501716
      0.32   0.416853    0.55879   0.477497
      0.33   0.371627   0.556697   0.445714
      0.34   0.337418   0.548268   0.417745
      0.35   0.304484   0.531017    0.38704
      0.36   0.286625   0.514964   0.368273
      0.37   0.256436   0.484731   0.335424
      0.38   0.237611   0.463017   0.314055
      0.39    0.19741   0.437577   0.272075
       0.4   0.181136   0.423837   0.253804
      0.41   0.154735   0.400669   0.223252
      0.42   0.131504    0.38045    0.19545
      0.43   0.123116   0.367615   0.184456
      0.44   0.104523   0.349772   0.160949
      0.45   0.098879   0.343402   0.153546
      0.46  0.0913027   0.344887   0.144383
      0.47  0.0838423    0.34967   0.135254
      0.48  0.0764979   0.371524   0.126872
      0.49  0.0691921   0.412224   0.118495
       0.5  0.0583301   0.527372   0.105042
      0.51  0.0527252   0.664198  0.0976951
      0.52  0.0494782   0.734286  0.0927093
      0.53  0.0442211    0.85348  0.0840855
      0.54  0.0408581      0.892  0.0781372
      0.55   0.040317   0.924107  0.0772631
      0.56  0.0374952   0.941748   0.072119
      0.57  0.0363742   0.957672  0.0700863
      0.58   0.035949   0.962162  0.0693084
      0.59  0.0340935   0.959302  0.0658469
       0.6  0.0340935    0.95858  0.0658452
      0.61   0.033591   0.957055   0.064904
      0.62  0.0299188    0.97351  0.0580535
      0.63  0.0293777    0.97931  0.0570441
      0.64  0.0284886   0.978571  0.0553654
      0.65  0.0275995   0.977941   0.053684
      0.66  0.0271357   0.977612  0.0528056
      0.67  0.0265559   0.984615  0.0517169
      0.68  0.0254735   0.983471  0.0496607
      0.69  0.0253962   0.983333  0.0495137
       0.7  0.0231542   0.991304  0.0452515
      0.71  0.0225744   0.990741   0.044143
      0.72  0.0224971   0.990566   0.043995
      0.73  0.0221492   0.990196  0.0433292
      0.74  0.0211442          1  0.0414127
      0.75  0.0195593          1  0.0383682
      0.76  0.0189022          1  0.0371031
      0.77  0.0183997          1  0.0361345
      0.78  0.0175493          1  0.0344932
      0.79   0.017472          1  0.0343439
       0.8    0.01724          1  0.0338957
      0.81  0.0151527          1   0.029853
      0.82  0.0151527          1   0.029853
      0.83  0.0138771          1  0.0273743
      0.84  0.0136838          1  0.0269982
      0.85  0.0124468          1  0.0245877
      0.86  0.0107847          1  0.0213392
      0.87  0.0064167          1  0.0127516
      0.88 0.00552764          1  0.0109945
      0.89 0.00502513          1       0.01
       0.9 0.00459992          1 0.00915772
      0.91 0.00459992          1 0.00915772
      0.92 0.00459992          1 0.00915772
      0.93 0.00371086          1 0.00739428
      0.94  0.0035949          1 0.00716404
      0.95 0.00351759          1 0.00701052
      0.96 0.00336297          1 0.00670339
      0.97 0.00328566          1  0.0065498
      0.98 0.00328566          1  0.0065498
      0.99 0.00100503          1 0.00200803
