         0          1   0.393948   0.565226
      0.01          1   0.386917   0.557952
      0.02   0.999965   0.387484   0.558536
      0.03   0.999788   0.388453   0.559515
      0.04   0.999788   0.390732   0.561875
      0.05   0.999788   0.393931   0.565175
      0.06   0.999788   0.399041   0.570415
      0.07   0.999646   0.402633   0.574052
      0.08   0.996923   0.409749   0.580786
      0.09   0.993386   0.415649   0.586074
       0.1   0.986135    0.42245   0.591505
      0.11   0.977044    0.43124   0.598374
      0.12   0.969723   0.438555   0.603967
      0.13   0.946095   0.448381   0.608417
      0.14   0.932088    0.45506   0.611552
      0.15   0.903155   0.462274   0.611537
      0.16   0.884975   0.467497   0.611803
      0.17   0.849144   0.474734   0.608995
      0.18   0.833899   0.479984   0.609275
      0.19   0.792657   0.487703   0.603863
       0.2   0.764785   0.491676   0.598549
      0.21   0.733588   0.501171   0.595506
      0.22   0.697864   0.509142   0.588749
      0.23    0.67084   0.512284   0.580938
      0.24   0.627193   0.516365   0.566408
      0.25    0.59925   0.519415   0.556484
      0.26   0.567169   0.526273   0.545956
      0.27   0.543081   0.531131    0.53704
      0.28   0.508135   0.531384     0.5195
      0.29   0.480263   0.531839   0.504737
       0.3    0.44277   0.529917    0.48244
      0.31   0.405985   0.527435   0.458809
      0.32    0.38593   0.528281   0.446023
      0.33   0.360922     0.5242   0.427501
      0.34   0.344475    0.52014   0.414463
      0.35   0.326401   0.515708   0.399776
      0.36   0.311404   0.510903   0.386953
      0.37   0.277695   0.499709      0.357
      0.38   0.264502   0.494431   0.344636
      0.39    0.24381   0.491724   0.325987
       0.4   0.233517   0.491124   0.316532
      0.41   0.216928    0.48374   0.299534
      0.42   0.197404   0.478924   0.279573
      0.43   0.184387   0.467112   0.264404
      0.44   0.158638   0.449896   0.234565
      0.45   0.146753   0.443709   0.220558
      0.46   0.137026   0.432143   0.208075
      0.47    0.12882   0.420655   0.197238
      0.48   0.117855   0.405442   0.182624
      0.49   0.105688   0.405523   0.167676
       0.5  0.0948288   0.397196   0.153105
      0.51  0.0873656   0.388889   0.142678
      0.52  0.0844652   0.382353   0.138364
      0.53  0.0743138   0.380597   0.124348
      0.54  0.0715903   0.373541   0.120153
      0.55  0.0654711   0.371308   0.111315
      0.56  0.0626061   0.379775   0.107492
      0.57  0.0556381   0.380145  0.0970691
      0.58  0.0498727   0.373096  0.0879843
      0.59   0.047326   0.365651  0.0838051
       0.6    0.04294   0.365217  0.0768451
      0.61  0.0342388   0.367412  0.0626403
      0.62  0.0320458   0.378092  0.0590839
      0.63  0.0294638     0.3829  0.0547171
      0.64  0.0284734   0.376033  0.0529383
      0.65  0.0256791   0.359307  0.0479326
      0.66  0.0238752   0.320574  0.0444406
      0.67  0.0210809   0.289474  0.0392998
      0.68  0.0183574   0.280899  0.0344626
      0.69  0.0177915   0.267442  0.0333634
       0.7  0.0129103   0.232258  0.0244609
      0.71  0.0103282    0.22695  0.0197573
      0.72 0.00672043    0.21374  0.0130311
      0.73 0.00633135   0.215517  0.0123013
      0.74 0.00573005   0.221154  0.0111707
      0.75 0.00573005   0.247312  0.0112006
      0.76 0.00569468   0.258824  0.0111442
      0.77 0.00537634   0.273973  0.0105457
      0.78 0.00537634   0.322581  0.0105764
      0.79 0.00537634   0.384615  0.0106045
       0.8 0.00537634       0.38  0.0106027
      0.81 0.00512875        0.4  0.0101276
      0.82 0.00512875   0.421053  0.0101341
      0.83 0.00512875   0.441176  0.0101396
      0.84 0.00512875    0.46875  0.0101465
      0.85 0.00498727   0.481481 0.00987227
      0.86 0.00498727   0.521739 0.00988009
      0.87 0.00498727   0.611111 0.00989379
      0.88 0.00477504   0.692308 0.00948467
      0.89 0.00477504        0.9 0.00949968
       0.9 0.00449208          1 0.00894398
      0.91 0.00449208          1 0.00894398
      0.92 0.00449208          1 0.00894398
      0.93 0.00449208          1 0.00894398
      0.94 0.00297114          1 0.00592467
      0.95 0.00297114          1 0.00592467
      0.96 0.00297114          1 0.00592467
      0.97 0.00275891          1 0.00550265
      0.98 0.00275891          1 0.00550265
      0.99 0.00251132          1 0.00501006
