         0          1   0.391539   0.562742
      0.01   0.996916   0.388982   0.559612
      0.02   0.992956   0.411831   0.582195
      0.03   0.987314   0.422952    0.59221
      0.04   0.953462   0.437012   0.599327
      0.05   0.933838   0.445724   0.603429
      0.06    0.89946   0.463626   0.611867
      0.07   0.875456   0.470972   0.612458
      0.08   0.835121   0.477904   0.607921
      0.09   0.800287   0.482246   0.601833
       0.1   0.749404   0.485278    0.58909
      0.11   0.703357   0.487626   0.575953
      0.12   0.671257    0.48937   0.566062
      0.13   0.619393   0.491062   0.547812
      0.14   0.593426   0.494071    0.53921
      0.15   0.565496   0.501237   0.531431
      0.16   0.527825   0.503646   0.515452
      0.17   0.488295   0.513362   0.500515
      0.18   0.469127    0.52477   0.495391
      0.19    0.44754     0.5389   0.488989
       0.2    0.43517    0.54815   0.485169
      0.21    0.40689   0.567503   0.473959
      0.22   0.384322   0.577267   0.461437
      0.23   0.371916   0.590393   0.456354
      0.24   0.349874   0.608553   0.444305
      0.25   0.335716    0.62381   0.436514
      0.26   0.315917   0.640653   0.423164
      0.27   0.303476    0.64598   0.412951
      0.28   0.292718   0.654177   0.404457
      0.29   0.280418   0.658419   0.393321
       0.3   0.265139   0.671958   0.380243
      0.31   0.251332   0.678841   0.366844
      0.32   0.244253   0.678899   0.359254
      0.33   0.232023   0.675657   0.345425
      0.34   0.226836   0.671194   0.339078
      0.35   0.222281   0.663657   0.333021
      0.36   0.214045   0.655981   0.322771
      0.37   0.204128   0.645747   0.310199
      0.38   0.195087   0.633476   0.298307
      0.39   0.183698   0.620814   0.283507
       0.4   0.177425   0.610169   0.274911
      0.41   0.170732    0.59725   0.265552
      0.42   0.159202   0.581516    0.24997
      0.43   0.155348   0.573577    0.24448
      0.44     0.1489   0.558087   0.235079
      0.45   0.146061    0.54918   0.230751
      0.46    0.13716    0.52125   0.217174
      0.47   0.122267   0.494709   0.196074
      0.48   0.104465   0.448625   0.169468
      0.49  0.0987525   0.425339    0.16029
       0.5  0.0858915   0.386731   0.140564
      0.51  0.0789179   0.358003   0.129327
      0.52  0.0739066   0.344583   0.121709
      0.53  0.0619919   0.292398   0.102296
      0.54  0.0509882   0.258727  0.0851881
      0.55  0.0435941   0.224622  0.0730171
      0.56   0.037917   0.206667  0.0640777
      0.57  0.0342024    0.18648  0.0578031
      0.58  0.0300673   0.165865  0.0509065
      0.59  0.0221475   0.143921  0.0383876
       0.6  0.0199397   0.128535  0.0345237
      0.61  0.0156995   0.108333  0.0274246
      0.62  0.0130011  0.0859599  0.0225862
      0.63 0.00784973  0.0645161  0.0139965
      0.64  0.0061326   0.056213  0.0110587
      0.65  0.0058873  0.0534125  0.0106056
      0.66  0.0050813   0.042042 0.00906677
      0.67  0.0050813   0.042042 0.00906677
      0.68 0.00490608  0.0391566 0.00871965
      0.69 0.00455565  0.0333333 0.00801578
       0.7 0.00438043  0.0303951 0.00765732
      0.71 0.00420521   0.027439 0.00729276
      0.72 0.00245304  0.0214724 0.00440307
      0.73 0.00154191 0.00623053 0.00247205
      0.74          0          0          0
      0.75          0          0          0
      0.76          0          0          0
      0.77          0          0          0
      0.78          0          0          0
      0.79          0          0          0
       0.8          0          0          0
      0.81          0          0          0
      0.82          0          0          0
      0.83          0          0          0
      0.84          0          0          0
      0.85          0          0          0
      0.86          0          0          0
      0.87          0          0          0
      0.88          0          0          0
      0.89          0          0          0
       0.9          0          0          0
      0.91          0          0          0
      0.92          0          0          0
      0.93          0          0          0
      0.94          0          0          0
      0.95          0          0          0
      0.96          0          0          0
      0.97          0          0          0
      0.98          0          0          0
      0.99          0          0          0
