         0          1   0.216663    0.35616
      0.01          1   0.371544   0.541789
      0.02   0.999638    0.56509   0.722024
      0.03   0.999547   0.583707   0.737017
      0.04   0.999004   0.590915   0.742586
      0.05   0.998641   0.595091   0.745774
      0.06   0.997509   0.601232   0.750259
      0.07   0.997192   0.606853   0.754529
      0.08    0.99606   0.617104   0.762071
      0.09   0.995426   0.624794   0.767718
       0.1   0.993614   0.640859   0.779171
      0.11   0.988361   0.652908   0.786353
      0.12   0.987772   0.661658   0.792476
      0.13   0.984375   0.673759   0.799973
      0.14   0.980616   0.680932   0.803748
      0.15     0.9774   0.690261   0.809111
      0.16   0.976766   0.694676   0.811917
      0.17    0.97423   0.699732   0.814475
      0.18   0.973007    0.70258   0.815971
      0.19   0.970607     0.7062   0.817557
       0.2   0.968886    0.70722   0.817628
      0.21   0.964538   0.708422   0.816876
      0.22   0.959556   0.709152   0.815567
      0.23   0.956884    0.70897    0.81448
      0.24   0.952129   0.706209   0.810935
      0.25   0.944339   0.702918   0.805937
      0.26   0.926359   0.696911   0.795419
      0.27   0.916893   0.694384   0.790275
      0.28   0.901766   0.688654   0.780932
      0.29   0.894293   0.685447   0.776065
       0.3   0.879076   0.681267   0.767633
      0.31   0.869067   0.678368   0.761967
      0.32   0.864357    0.67728   0.759468
      0.33   0.855933    0.67326   0.753686
      0.34   0.849275   0.670874   0.749606
      0.35   0.838678   0.666835   0.742949
      0.36   0.826313   0.664023   0.736332
      0.37   0.809964   0.659364   0.726946
      0.38   0.807654   0.657867   0.725106
      0.39   0.795833   0.654085    0.71803
       0.4   0.780435   0.651793   0.710337
      0.41   0.765806   0.649651   0.702963
      0.42   0.742799   0.645667   0.690835
      0.43    0.73356   0.643681   0.685688
      0.44   0.715308   0.640423   0.675797
      0.45   0.708786   0.638311   0.671705
      0.46   0.699366   0.636446   0.666424
      0.47   0.688089   0.634372   0.660139
      0.48   0.672237   0.630006   0.650437
      0.49   0.663813   0.627234   0.645006
       0.5   0.649094     0.6242   0.636404
      0.51   0.627129   0.615685   0.621354
      0.52   0.607428   0.611561   0.609487
      0.53   0.587364   0.606532   0.596794
      0.54   0.561957   0.605295   0.582821
      0.55   0.541531   0.607004   0.572401
      0.56   0.530752   0.603579   0.564828
      0.57   0.518297   0.599341   0.555881
      0.58   0.502627   0.596663   0.545623
      0.59   0.482473   0.586154   0.529284
       0.6   0.460417   0.575806   0.511687
      0.61   0.443705   0.565904   0.497409
      0.62   0.418886   0.552289   0.476425
      0.63   0.409873   0.545874   0.468197
      0.64   0.393161   0.528063   0.450735
      0.65   0.378759   0.519456   0.438088
      0.66   0.361413   0.504817   0.421245
      0.67   0.335643   0.493729    0.39962
      0.68   0.316803    0.48224   0.382395
      0.69   0.308741   0.473721   0.373838
       0.7   0.286775   0.459243   0.353073
      0.71   0.267935   0.443769   0.334131
      0.72   0.255571   0.430251   0.320665
      0.73   0.224185   0.410131   0.289903
      0.74   0.208786   0.401168   0.274638
      0.75   0.181024   0.385615   0.246384
      0.76   0.177627   0.378092   0.241702
      0.77   0.167437   0.367754   0.230107
      0.78   0.161005   0.360444   0.222585
      0.79   0.147147   0.343931   0.206111
       0.8   0.141123   0.332347    0.19812
      0.81    0.12885   0.319672   0.183668
      0.82   0.115308   0.299465   0.166504
      0.83    0.10856    0.28304   0.156929
      0.84   0.101404   0.260369   0.145961
      0.85  0.0975543   0.249412   0.140251
      0.86  0.0910326   0.232472   0.130833
      0.87  0.0818388   0.213282   0.118289
      0.88  0.0686594   0.190604   0.100953
      0.89  0.0663949   0.179558  0.0969433
       0.9  0.0509964   0.150365  0.0761623
      0.91  0.0366848   0.126911  0.0569172
      0.92  0.0269022   0.108974  0.0431516
      0.93  0.0237772  0.0963636  0.0381428
      0.94  0.0151721  0.0835073  0.0256787
      0.95 0.00914855  0.0868167  0.0165528
      0.96 0.00720109   0.104072  0.0134701
      0.97 0.00665761   0.192661  0.0128705
      0.98 0.00122283   0.518519  0.0024399
      0.99 0.000996377          1 0.00199077
