         0          1   0.214804   0.353644
      0.01   0.990819   0.253537   0.403758
      0.02   0.968053   0.367207   0.532444
      0.03   0.953945   0.417346   0.580657
      0.04   0.916325   0.461744   0.614059
      0.05    0.89632   0.506734   0.647439
      0.06   0.875121   0.547449   0.673547
      0.07   0.862581   0.583526   0.696129
      0.08   0.841233   0.606466   0.704814
      0.09   0.822423   0.616774   0.704906
       0.1    0.78734   0.628944   0.699285
      0.11   0.760767    0.63934   0.694788
      0.12   0.724938   0.647816   0.684211
      0.13   0.682616   0.667398   0.674921
      0.14   0.665821   0.674442   0.670104
      0.15   0.632679   0.683723   0.657211
      0.16   0.610286   0.683589   0.644861
      0.17   0.549377   0.685526   0.609946
      0.18   0.521236   0.689177   0.593556
      0.19   0.487124   0.701818   0.575087
       0.2   0.473016   0.706174   0.566544
      0.21   0.435471   0.717445   0.541976
      0.22   0.408002   0.733562   0.524359
      0.23   0.389192   0.748886   0.512197
      0.24    0.36762   0.758313   0.495182
      0.25   0.359931    0.75801   0.488096
      0.26   0.344555   0.764652    0.47505
      0.27   0.338733   0.772553   0.470966
      0.28   0.317235   0.793814   0.453312
      0.29   0.306412   0.805011   0.443872
       0.3   0.293573    0.82593   0.433176
      0.31   0.272449   0.856383   0.413384
      0.32   0.262671   0.864525   0.402921
      0.33     0.2514   0.864985   0.389573
      0.34    0.24513     0.8683   0.382325
      0.35   0.239681   0.872375   0.376045
      0.36    0.23662   0.867797   0.371849
      0.37   0.229902   0.865455   0.363297
      0.38   0.220348   0.863636   0.351113
      0.39   0.212436      0.864   0.341022
       0.4   0.206016   0.865424   0.332807
      0.41   0.201015   0.861233   0.325952
      0.42   0.191759   0.868421    0.31415
      0.43   0.182056   0.868354   0.301004
      0.44   0.175039   0.873315   0.291627
      0.45   0.169441   0.878531    0.28409
      0.46   0.156005   0.873874   0.264747
      0.47   0.155109   0.877814   0.263635
      0.48   0.149362   0.876325   0.255223
      0.49   0.146675   0.878676   0.251386
       0.5   0.137792      0.884   0.238421
      0.51    0.12458   0.877193   0.218175
      0.52   0.118161   0.870968   0.208091
      0.53    0.10786   0.868932     0.1919
      0.54    0.10368   0.874346   0.185378
      0.55   0.096962   0.865922   0.174396
      0.56  0.0947227   0.857143   0.170593
      0.57  0.0877062   0.851613   0.159034
      0.58  0.0866612   0.851351   0.157309
      0.59  0.0834515   0.867647   0.152259
       0.6  0.0827797   0.857143   0.150979
      0.61  0.0818094   0.877193   0.149661
      0.62  0.0794208   0.862745   0.145452
      0.63   0.076659   0.858696   0.140752
      0.64  0.0717325   0.843373   0.132219
      0.65  0.0679257   0.831169   0.125588
      0.66  0.0590431   0.820896   0.110163
      0.67  0.0556841   0.830769   0.104372
      0.68  0.0465029   0.813559  0.0879771
      0.69  0.0459058   0.818182   0.086934
       0.7  0.0436665   0.833333  0.0829846
      0.71  0.0435918   0.844444   0.082904
      0.72  0.0370232   0.897436  0.0711127
      0.73  0.0273942   0.878788  0.0531321
      0.74  0.0267224   0.870968  0.0518539
      0.75  0.0263492   0.928571  0.0512443
      0.76  0.0263492   0.928571  0.0512443
      0.77  0.0259013       0.96  0.0504417
      0.78  0.0226916   0.952381  0.0443271
      0.79  0.0188848          1  0.0370696
       0.8  0.0146301          1  0.0288384
      0.81   0.014033          1  0.0276776
      0.82   0.010674          1  0.0211226
      0.83   0.010674          1  0.0211226
      0.84   0.010674          1  0.0211226
      0.85  0.0102262          1  0.0202453
      0.86  0.0102262          1  0.0202453
      0.87  0.0100022          1  0.0198064
      0.88  0.0100022          1  0.0198064
      0.89  0.0100022          1  0.0198064
       0.9  0.0100022          1  0.0198064
      0.91 0.00947973          1  0.0187814
      0.92 0.00947973          1  0.0187814
      0.93 0.00947973          1  0.0187814
      0.94 0.00529969          1  0.0105435
      0.95 0.00470255          1 0.00936107
      0.96 0.00470255          1 0.00936107
      0.97 0.00418004          1 0.00832528
      0.98 0.00418004          1 0.00832528
      0.99 0.00365754          1 0.00728841
