         0          1   0.406617   0.578148
      0.01          1   0.416355   0.587925
      0.02   0.998533   0.470996   0.640076
      0.03   0.997622   0.480636   0.648727
      0.04   0.991834   0.492795   0.658442
      0.05   0.981172   0.500476   0.662847
      0.06   0.964999   0.514561   0.671214
      0.07   0.954218   0.525469   0.677727
      0.08   0.932654   0.540245   0.684177
      0.09   0.917393   0.548262   0.686344
       0.1   0.891589   0.559285   0.687382
      0.11    0.86297   0.569825   0.686409
      0.12   0.848858   0.577392    0.68729
      0.13   0.826185   0.583201   0.683748
      0.14   0.810528   0.586325   0.680433
      0.15   0.787022   0.591645    0.67549
      0.16     0.7785   0.595947     0.6751
      0.17   0.764191   0.601593   0.673213
      0.18   0.746155   0.602631   0.666757
      0.19   0.726257   0.605752   0.660553
       0.2   0.708617   0.606576   0.653638
      0.21   0.685508   0.607806   0.644323
      0.22   0.665927   0.606077   0.634594
      0.23   0.636713   0.605648   0.620792
      0.24    0.61408    0.60521   0.609612
      0.25   0.599889   0.604286   0.602079
      0.26   0.572221   0.600351   0.585949
      0.27   0.556049   0.598054   0.576287
      0.28   0.534882   0.592066   0.562023
      0.29   0.515459   0.588773   0.549682
       0.3   0.486602   0.581729    0.52993
      0.31   0.457944   0.573751   0.509348
      0.32   0.440027   0.564759   0.494651
      0.33   0.413588   0.554421    0.47376
      0.34   0.399397   0.547032     0.4617
      0.35   0.367806   0.537065   0.436605
      0.36   0.355042    0.53048   0.425382
      0.37    0.33114   0.515717   0.403314
      0.38   0.315324   0.505116   0.388268
      0.39   0.300024   0.495341     0.3737
       0.4   0.292849   0.488708   0.366237
      0.41   0.280601   0.474051   0.352531
      0.42    0.26645   0.465432   0.338892
      0.43    0.25662   0.462462   0.330079
      0.44   0.243618   0.453231   0.316899
      0.45   0.233471   0.449275   0.307267
      0.46     0.2171   0.442184   0.291219
      0.47   0.213097   0.439549   0.287036
      0.48   0.197915   0.429428   0.270953
      0.49   0.188838   0.421714   0.260864
       0.5   0.173022   0.415689   0.244342
      0.51   0.162161   0.406105   0.231773
      0.52   0.154471   0.399298   0.222764
      0.53   0.139091   0.388679   0.204869
      0.54   0.131679    0.37874   0.195416
      0.55   0.116735   0.363713   0.176744
      0.56   0.111939   0.352113   0.169874
      0.57   0.103179   0.343985   0.158743
      0.58  0.0987395   0.335945   0.152621
      0.59  0.0901379   0.324716   0.141106
       0.6  0.0796734   0.313704   0.127073
      0.61  0.0732123   0.296963   0.117465
      0.62  0.0692485   0.285882   0.111491
      0.63  0.0658792   0.278668   0.106566
      0.64  0.0556128   0.264901  0.0919267
      0.65  0.0548993   0.257618  0.0905105
      0.66  0.0516886   0.249254  0.0856216
      0.67   0.049786   0.250779  0.0830787
      0.68  0.0462581      0.245  0.0778227
      0.69  0.0416204   0.229565  0.0704654
       0.7  0.0369431   0.215328  0.0630661
      0.71  0.0329396    0.21124  0.0569922
      0.72  0.0325036   0.213415   0.056415
      0.73  0.0313541   0.204301  0.0543648
      0.74  0.0275091   0.186253  0.0479379
      0.75  0.0269145   0.189448   0.047133
      0.76  0.0247344   0.184143  0.0436109
      0.77  0.0231489   0.161017  0.0404783
      0.78  0.0225939   0.155689  0.0394612
      0.79  0.0211273   0.156146  0.0372188
       0.8  0.0182733   0.154982  0.0326921
      0.81  0.0147059   0.145228  0.0267074
      0.82  0.0124068       0.16   0.023028
      0.83  0.0116537   0.176829  0.0218664
      0.84 0.00963215   0.227273  0.0184811
      0.85 0.00923577       0.28  0.0178817
      0.86 0.00907722   0.434783  0.0177832
      0.87 0.00693674    0.53125  0.0136947
      0.88 0.00677818   0.842105  0.0134481
      0.89 0.00677818          1  0.0134651
       0.9 0.00677818          1  0.0134651
      0.91 0.00539084          1  0.0107239
      0.92 0.00539084          1  0.0107239
      0.93 0.00539084          1  0.0107239
      0.94   0.005153          1  0.0102532
      0.95 0.00487554          1 0.00970376
      0.96 0.00487554          1 0.00970376
      0.97 0.00467734          1 0.00931113
      0.98    0.00329          1 0.00655841
      0.99 0.00317108          1 0.00632211
