         0          1   0.361785    0.53134
      0.01   0.999813   0.341163   0.508733
      0.02   0.999439   0.342697   0.510387
      0.03   0.999033    0.34379   0.511545
      0.04   0.997785   0.345874   0.513684
      0.05   0.995477   0.347884   0.515588
      0.06   0.991422   0.354888   0.522679
      0.07   0.986962   0.361157   0.528808
      0.08   0.973581   0.371161   0.537434
      0.09   0.963911   0.380258    0.54537
       0.1   0.945852   0.394958   0.557233
      0.11   0.921117   0.411271   0.568646
      0.12   0.905396   0.423289   0.576878
      0.13   0.873487   0.442228    0.58718
      0.14   0.843824   0.454509   0.590797
      0.15        0.8   0.469411   0.591658
      0.16   0.771429   0.482336   0.593553
      0.17    0.72932     0.5003   0.593482
      0.18   0.699095    0.51302   0.591776
      0.19   0.666812   0.530257   0.590746
       0.2   0.640799   0.535862   0.583651
      0.21   0.600468    0.55291   0.575708
      0.22   0.563319   0.567725   0.565513
      0.23   0.547099   0.575105   0.560753
      0.24   0.515253   0.584477   0.547686
      0.25   0.496195   0.588908    0.53859
      0.26   0.466906   0.593937   0.522816
      0.27   0.448939   0.598319   0.512976
      0.28    0.42801   0.602041   0.500324
      0.29   0.416188   0.604159   0.492859
       0.3   0.397879   0.604818   0.479994
      0.31   0.376482   0.608577   0.465187
      0.32   0.355365   0.606747   0.448215
      0.33   0.338802   0.605729   0.434549
      0.34    0.32826   0.603157   0.425142
      0.35   0.309825   0.601626   0.409016
      0.36    0.29975   0.598198   0.399377
      0.37   0.290268   0.596558    0.39052
      0.38   0.279351   0.595702   0.380343
      0.39   0.264722   0.595118   0.366443
       0.4   0.254554   0.594432   0.356461
      0.41   0.240143   0.596395   0.342412
      0.42   0.236931   0.595727   0.339025
      0.43   0.230973   0.594093   0.332627
      0.44   0.224766   0.591711   0.325781
      0.45   0.220493   0.592153   0.321334
      0.46   0.213163    0.59542   0.313935
      0.47   0.208702   0.594488   0.308946
      0.48    0.19975   0.601053    0.29985
      0.49   0.198472   0.606028   0.299017
       0.5   0.192389   0.607348   0.292214
      0.51   0.183749   0.612195   0.282659
      0.52   0.181254   0.620382   0.280543
      0.53   0.174641   0.623816   0.272886
      0.54   0.170119   0.625706   0.267507
      0.55   0.166594   0.637168   0.264129
      0.56   0.162196   0.632873   0.258215
      0.57   0.154148   0.630645   0.247742
      0.58   0.144853    0.62521   0.235211
      0.59   0.142951   0.627417   0.232849
       0.6    0.14242    0.63964   0.232969
      0.61   0.139083   0.640232   0.228522
      0.62   0.133157   0.634694   0.220131
      0.63    0.12383   0.633262   0.207153
      0.64   0.118996   0.656751   0.201485
      0.65   0.117342   0.670673   0.199738
      0.66   0.114379      0.712   0.197096
      0.67   0.112789   0.730337   0.195401
      0.68   0.109638   0.753049   0.191409
      0.69   0.106769   0.777419   0.187752
       0.7   0.102589   0.828571   0.182573
      0.71  0.0995633   0.885375   0.178998
      0.72  0.0985028   0.905738   0.177682
      0.73   0.097723   0.935345   0.176958
      0.74  0.0936057   0.953704   0.170479
      0.75  0.0877417   0.994872   0.161261
      0.76  0.0864629          1   0.159164
      0.77  0.0835309          1   0.154183
      0.78  0.0792576          1   0.146874
      0.79  0.0763256          1   0.141826
       0.8   0.068403          1   0.128047
      0.81  0.0645976          1   0.121356
      0.82  0.0573612          1   0.108499
      0.83  0.0570805          1   0.107996
      0.84  0.0546163          1   0.103576
      0.85  0.0495945          1  0.0945022
      0.86  0.0436993          1  0.0837393
      0.87  0.0427012          1  0.0819049
      0.88  0.0369931          1  0.0713469
      0.89  0.0323144          1  0.0626058
       0.9  0.0261697          1  0.0510046
      0.91  0.0225827          1  0.0441679
      0.92  0.0209919          1  0.0411206
      0.93  0.0187461          1  0.0368023
      0.94  0.0120087          1  0.0237325
      0.95 0.00935745          1  0.0185414
      0.96  0.0073612          1  0.0146148
      0.97 0.00636307          1  0.0126457
      0.98 0.00237056          1  0.0047299
      0.99 0.00193387          1 0.00386028
