         0          1   0.298178   0.459379
      0.01    0.99459   0.254634   0.405462
      0.02   0.986529   0.255916   0.406406
      0.03   0.983718   0.258983    0.41002
      0.04   0.977088   0.265298   0.417293
      0.05    0.97136   0.269901   0.422427
      0.06   0.964041   0.277103   0.430472
      0.07   0.960435    0.28335   0.437598
      0.08   0.949032   0.292761   0.447482
      0.09   0.943304   0.300308   0.455579
       0.1   0.927552   0.312458    0.46745
      0.11   0.907133   0.322502   0.475836
      0.12   0.889737   0.331687   0.483229
      0.13    0.86969    0.34479   0.493809
      0.14    0.84577   0.354733   0.499828
      0.15   0.820048   0.367722   0.507757
      0.16   0.794431   0.374928   0.509432
      0.17   0.763564   0.388806   0.515248
      0.18   0.743198   0.398446   0.518768
      0.19    0.70899   0.412575   0.521613
       0.2    0.68576   0.422995   0.523241
      0.21   0.647998   0.434237   0.520006
      0.22   0.603447   0.450477   0.515861
      0.23     0.5834   0.461471   0.515321
      0.24   0.546592   0.476162   0.508952
      0.25    0.52612   0.485051   0.504751
      0.26   0.484858   0.499147   0.491899
      0.27   0.452771   0.503498   0.476789
      0.28   0.420366   0.507398     0.4598
      0.29   0.393689   0.508075   0.443627
       0.3   0.364996   0.511264   0.425922
      0.31    0.34235   0.521059    0.41321
      0.32   0.329303   0.524505    0.40459
      0.33   0.311376   0.529252    0.39208
      0.34   0.287086   0.522506   0.370567
      0.35   0.251392   0.512555   0.337333
      0.36     0.2358   0.513934   0.323276
      0.37   0.219093   0.525024   0.309169
      0.38   0.203288   0.527835   0.293528
      0.39   0.190294   0.532872    0.28044
       0.4   0.180483   0.548872   0.271643
      0.41   0.172898   0.585714   0.266985
      0.42   0.159905   0.625202   0.254673
      0.43   0.156139       0.65   0.251794
      0.44   0.147388    0.69112   0.242962
      0.45   0.144153    0.72428   0.240449
      0.46   0.138213   0.768539   0.234291
      0.47   0.136728   0.803318   0.233682
      0.48    0.13275   0.817073   0.228393
      0.49   0.129727   0.823678   0.224151
       0.5   0.128295   0.849206   0.222913
      0.51   0.127287   0.864641   0.221907
      0.52   0.125272   0.877493   0.219244
      0.53    0.12506   0.891496   0.219349
      0.54   0.123734   0.908257   0.217797
      0.55   0.119544   0.913462   0.211419
      0.56    0.11912   0.927393   0.211122
      0.57   0.115937    0.94198   0.206464
      0.58   0.113975   0.947368   0.203471
      0.59   0.113975   0.960145   0.203762
       0.6   0.112013   0.966418   0.200757
      0.61    0.11005   0.976834   0.197815
      0.62     0.1083   0.980237    0.19505
      0.63   0.103368   0.987654   0.187149
      0.64  0.0983294   0.991525   0.178916
      0.65  0.0983294   0.991489   0.178915
      0.66  0.0972156   0.991189   0.177065
      0.67  0.0968443    0.99115   0.176448
      0.68  0.0912225   0.995327   0.167128
      0.69  0.0888889   0.995192   0.163201
       0.7  0.0839035          1   0.154817
      0.71  0.0791832          1   0.146747
      0.72   0.077433          1   0.143736
      0.73  0.0750994          1   0.139707
      0.74  0.0745691          1   0.138789
      0.75   0.071493          1   0.133446
      0.76  0.0695306          1   0.130021
      0.77  0.0606205          1   0.114311
      0.78  0.0596659          1   0.112613
      0.79  0.0528772          1   0.100443
       0.8  0.0514983          1  0.0979522
      0.81  0.0485282          1  0.0925645
      0.82  0.0465659          1   0.088988
      0.83  0.0464598          1  0.0887943
      0.84  0.0374436          1  0.0721844
      0.85  0.0359056          1  0.0693221
      0.86  0.0228056          1  0.0445942
      0.87  0.0195174          1  0.0382875
      0.88  0.0166534          1  0.0327612
      0.89  0.0137364          1  0.0271006
       0.9  0.0104482          1  0.0206802
      0.91 0.00763723          1  0.0151587
      0.92 0.00737205          1  0.0146362
      0.93 0.00588703          1  0.0117052
      0.94 0.00562185          1  0.0111808
      0.95 0.00302307          1 0.00602792
      0.96 0.00275789          1 0.00550061
      0.97 0.00275789          1 0.00550061
      0.98 0.00243967          1 0.00486747
      0.99 0.00243967          1 0.00486747
