         0          1    0.48887   0.656699
      0.01   0.998484    0.45847     0.6284
      0.02   0.992152   0.463479   0.631811
      0.03   0.987849   0.466319   0.633562
      0.04   0.977703   0.477057   0.641233
      0.05   0.967752   0.486249   0.647274
      0.06   0.956335   0.503892    0.66002
      0.07   0.946482   0.519513   0.670821
      0.08   0.926703   0.547108   0.688021
      0.09   0.914747   0.568106    0.70091
       0.1   0.889859   0.597522   0.714961
      0.11   0.861131   0.626752   0.725481
      0.12    0.85013   0.646268   0.734312
      0.13   0.831818   0.674199    0.74476
      0.14   0.816708   0.695847   0.751449
      0.15   0.794167   0.724116   0.757525
      0.16   0.777077   0.741256   0.758744
      0.17   0.754217   0.770267   0.762158
      0.18   0.732629   0.787273   0.758969
      0.19   0.700919   0.809629   0.751362
       0.2   0.680456   0.822196   0.744641
      0.21   0.639773   0.841687    0.72697
      0.22   0.610997   0.864367   0.715926
      0.23   0.594372   0.876046    0.70823
      0.24   0.566647   0.893109   0.693373
      0.25   0.548237   0.900107    0.68143
      0.26   0.521759   0.912875   0.664004
      0.27   0.503081   0.920635   0.650627
      0.28   0.473571   0.927215   0.626937
      0.29   0.455063   0.930206   0.611149
       0.3    0.42707   0.932281   0.585793
      0.31   0.396191   0.933271   0.556245
      0.32    0.37206   0.934794    0.53227
      0.33   0.333896   0.936921   0.492335
      0.34   0.312992   0.936629   0.469194
      0.35   0.277419   0.931133   0.427477
      0.36   0.259547   0.930233   0.405855
      0.37   0.236174   0.926976    0.37644
      0.38    0.22329   0.925139   0.359751
      0.39   0.202753   0.921488   0.332374
       0.4   0.182876   0.917714   0.304978
      0.41   0.166544   0.916021   0.281846
      0.42   0.154589   0.913475   0.264428
      0.43   0.146008   0.908257   0.251573
      0.44   0.129823   0.905983   0.227102
      0.45   0.121094   0.903704   0.213571
      0.46   0.106034   0.897541   0.189662
      0.47  0.0989194   0.890869   0.178067
      0.48  0.0874285   0.888614   0.159194
      0.49  0.0841279   0.889182   0.153713
       0.5  0.0742262   0.885965   0.136976
      0.51  0.0672339   0.893548   0.125058
      0.52  0.0648868   0.900685   0.121053
      0.53  0.0595081   0.905303   0.111675
      0.54  0.0567454   0.913223   0.106851
      0.55  0.0510977   0.944444  0.0969501
      0.56  0.0499976   0.955882  0.0950248
      0.57  0.0475282   0.962366  0.0905829
      0.58  0.0463792   0.960452  0.0884854
      0.59  0.0430297     0.9625  0.0823766
       0.6  0.0416606   0.966216   0.079877
      0.61  0.0396069   0.961832  0.0760808
      0.62  0.0363307   0.955357  0.0699995
      0.63  0.0342037       0.95  0.0660301
      0.64  0.0284094   0.974684  0.0552095
      0.65  0.0278959   0.986301  0.0542573
      0.66  0.0266491          1  0.0519147
      0.67  0.0246932          1  0.0481962
      0.68  0.0216126          1  0.0423108
      0.69  0.0215637          1  0.0422171
       0.7  0.0203902          1  0.0399655
      0.71  0.0187277          1  0.0367668
      0.72  0.0184588          1  0.0362484
      0.73  0.0151582          1  0.0298637
      0.74  0.0139113          1  0.0274409
      0.75  0.0139113          1  0.0274409
      0.76  0.0134223          1  0.0264891
      0.77  0.0121265          1  0.0239625
      0.78  0.0107819          1  0.0213337
      0.79  0.0101707          1  0.0201365
       0.8  0.0101707          1  0.0201365
      0.81 0.00946164          1  0.0187459
      0.82 0.00806807          1   0.016007
      0.83 0.00806807          1   0.016007
      0.84 0.00381399          1 0.00759901
      0.85 0.00364285          1 0.00725926
      0.86 0.00322723          1 0.00643369
      0.87 0.00322723          1 0.00643369
      0.88 0.00322723          1 0.00643369
      0.89 0.00308053          1 0.00614215
       0.9 0.00305609          1 0.00609355
      0.91 0.00305609          1 0.00609355
      0.92 0.00173586          1  0.0034657
      0.93 0.00173586          1  0.0034657
      0.94 0.00173586          1  0.0034657
      0.95 0.00156472          1 0.00312454
      0.96 0.00141802          1 0.00283203
      0.97 0.00141802          1 0.00283203
      0.98 0.00141802          1 0.00283203
      0.99 0.00122243          1 0.00244188
