         0          1   0.242084   0.389803
      0.01          1   0.214249   0.352891
      0.02   0.999103   0.213339     0.3516
      0.03   0.998267   0.213048   0.351153
      0.04   0.998267   0.213707   0.352048
      0.05   0.998147   0.214875   0.353624
      0.06   0.998028   0.218631   0.358687
      0.07   0.997549   0.221732   0.362818
      0.08   0.996593   0.229421    0.37298
      0.09   0.995816   0.235501   0.380919
       0.1   0.995338   0.244568   0.392655
      0.11   0.994382   0.256432   0.407721
      0.12   0.993246    0.26503   0.418414
      0.13    0.98966   0.278483   0.434656
      0.14   0.982667    0.28792   0.445352
      0.15   0.972088   0.299428   0.457832
      0.16   0.964557   0.308625   0.467625
      0.17   0.958281   0.324147   0.484431
      0.18   0.948897   0.331343   0.491174
      0.19   0.934612   0.346286   0.505337
       0.2    0.91453   0.352931   0.509311
      0.21   0.894328   0.363609   0.517014
      0.22   0.865579   0.371406   0.519782
      0.23   0.845855   0.377692   0.522207
      0.24   0.812683   0.380043   0.517897
      0.25   0.789971   0.384871   0.517579
      0.26   0.762955   0.387267   0.513757
      0.27   0.737613   0.386776    0.50746
      0.28   0.703245   0.387592   0.499749
      0.29   0.667085   0.385951    0.48899
       0.3   0.623274    0.38304   0.474482
      0.31   0.580778   0.379697   0.459189
      0.32   0.548921   0.375675   0.446067
      0.33   0.516227   0.372533   0.432764
      0.34   0.483534   0.366657   0.417062
      0.35   0.452812   0.363437   0.403231
      0.36   0.435419   0.359948   0.394103
      0.37   0.397167   0.358266   0.376715
      0.38   0.380551   0.356648   0.368212
      0.39   0.349411   0.356809   0.353072
       0.4   0.342299   0.356794   0.349396
      0.41   0.317973   0.359844   0.337615
      0.42   0.303927   0.362709   0.330726
      0.43   0.288566   0.366618   0.322943
      0.44   0.277449   0.368256   0.316467
      0.45   0.260654   0.364388   0.303913
      0.46   0.235192   0.359976   0.284503
      0.47   0.222222   0.355255   0.273415
      0.48   0.210806   0.356442   0.264929
      0.49   0.204351   0.357143   0.259958
       0.5   0.195326   0.353234   0.251552
      0.51   0.185584   0.349776   0.242501
      0.52   0.174646   0.344881   0.231873
      0.53   0.165621   0.344209   0.223636
      0.54   0.158269   0.337596   0.215506
      0.55   0.151455   0.336315   0.208855
      0.56   0.150499   0.337349   0.208142
      0.57   0.140637   0.332008    0.19758
      0.58    0.13472   0.330169   0.191359
      0.59   0.123722   0.326365   0.179426
       0.6   0.110872   0.315394   0.164068
      0.61  0.0990377    0.31479   0.150672
      0.62  0.0802702   0.308869   0.127425
      0.63  0.0781185   0.310966   0.124868
      0.64  0.0674795   0.309434   0.110797
      0.65  0.0638336   0.317719   0.106309
      0.66  0.0586934   0.345238    0.10033
      0.67  0.0574383   0.346154  0.0985276
      0.68  0.0505648   0.344118  0.0881734
      0.69  0.0470982   0.347541  0.0829545
       0.7   0.036519   0.337037  0.0658978
      0.71  0.0321559   0.331984  0.0586326
      0.72   0.031857    0.33913  0.0582429
      0.73  0.0240273   0.343434  0.0449124
      0.74  0.0235491   0.345745  0.0440948
      0.75   0.021756   0.364706  0.0410625
      0.76  0.0196043   0.383117     0.0373
      0.77  0.0179906   0.376812  0.0343415
      0.78  0.0175722   0.396694  0.0336536
      0.79  0.0168549   0.401961  0.0323532
       0.8  0.0144642   0.413043  0.0279496
      0.81 0.00968263   0.379747  0.0188838
      0.82 0.00561831   0.372881  0.0110698
      0.83 0.00549877   0.362069   0.010833
      0.84 0.00502062   0.351852 0.00989998
      0.85 0.00484131   0.346154 0.00954907
      0.86 0.00472177   0.361702 0.00932186
      0.87   0.004662   0.355556 0.00920334
      0.88 0.00460224       0.35 0.00908501
      0.89 0.00460224       0.35 0.00908501
       0.9 0.00424362   0.342857 0.00838348
      0.91 0.00352639   0.344828 0.00698138
      0.92 0.00322754   0.307692 0.00638808
      0.93 0.00149423   0.294118 0.00297336
      0.94 0.000956309   0.307692 0.00190669
      0.95 0.000956309   0.444444 0.00190851
      0.96 0.000896539      0.375  0.0017888
      0.97 0.000896539        0.6  0.0017904
      0.98 0.000896539       0.75 0.00179094
      0.99 0.000597693        0.5 0.00119396
