         0          1   0.319512   0.484288
      0.01   0.999929   0.301135   0.462873
      0.02   0.999505   0.300216   0.461742
      0.03   0.998514   0.298782   0.459938
      0.04   0.994763   0.297854   0.458441
      0.05   0.990658   0.297553   0.457648
      0.06   0.982235    0.29493   0.453647
      0.07   0.973317   0.294407   0.452072
      0.08   0.958737    0.29223   0.447929
      0.09   0.945431   0.290187   0.444073
       0.1   0.924765   0.287949   0.439156
      0.11    0.90339   0.285052   0.433363
      0.12   0.890721   0.282033   0.428415
      0.13   0.867153   0.279075   0.422255
      0.14    0.85144   0.276586   0.417538
      0.15   0.816335   0.272538   0.408647
      0.16   0.782221   0.269655   0.401054
      0.17   0.738906   0.264858   0.389942
      0.18   0.718522   0.262447   0.384465
      0.19   0.682355   0.259438    0.37594
       0.2   0.662184   0.258538   0.371882
      0.21   0.617737   0.252339   0.358312
      0.22   0.582207   0.248779     0.3486
      0.23   0.563026   0.247841   0.344178
      0.24   0.525444   0.243746   0.333012
      0.25   0.504353   0.242157   0.327209
      0.26   0.467903   0.238231   0.315716
      0.27   0.435841    0.23388   0.304409
      0.28    0.39656   0.231936   0.292688
      0.29   0.378158   0.230932   0.286752
       0.3   0.351546   0.231262   0.278991
      0.31   0.334702    0.23114   0.273444
      0.32   0.315521   0.231046   0.266755
      0.33   0.290325   0.226687   0.254589
      0.34   0.280841   0.228293   0.251855
      0.35   0.258405   0.228197   0.242363
      0.36   0.243046   0.223179   0.232689
      0.37   0.227263   0.220763   0.223966
      0.38   0.217284   0.212955   0.215098
      0.39    0.19506   0.204438   0.199639
       0.4   0.186354   0.201577   0.193667
      0.41    0.16222   0.196927   0.177896
      0.42   0.140137   0.192234   0.162103
      0.43   0.132423   0.191463   0.156562
      0.44   0.115649   0.189632   0.143676
      0.45   0.107651   0.183365   0.135659
      0.46   0.102413   0.184021   0.131592
      0.47   0.092434   0.179039   0.121922
      0.48  0.0839408   0.173238   0.113087
      0.49  0.0799774   0.173633   0.109512
       0.5  0.0710595   0.169395    0.10012
      0.51  0.0660344   0.161515  0.0937426
      0.52   0.062354   0.157765  0.0893815
      0.53  0.0536485    0.15462  0.0796581
      0.54  0.0517376   0.156008  0.0777053
      0.55  0.0472079   0.152432  0.0720898
      0.56  0.0452969   0.146002  0.0691425
      0.57  0.0416873   0.137709  0.0640004
      0.58  0.0404841   0.137552  0.0625566
      0.59  0.0363791   0.125972  0.0564548
       0.6  0.0291599   0.117355  0.0467128
      0.61  0.0215868   0.108007  0.0359821
      0.62  0.0150046   0.102083  0.0261636
      0.63  0.0113242  0.0982143   0.020307
      0.64 0.00856395   0.102757  0.0158102
      0.65 0.00693609  0.0948509  0.0129269
      0.66  0.0050959  0.0917431 0.00965549
      0.67  0.0048128  0.0879479 0.00912618
      0.68 0.00325572  0.0678571 0.00621332
      0.69  0.0024064  0.0674157 0.00464692
       0.7  0.0024064  0.0696721 0.00465212
      0.71 0.00162786  0.0648148 0.00317595
      0.72 0.00162786  0.0703518 0.00318209
      0.73 0.00162786  0.0809249 0.00319152
      0.74 0.00162786  0.0864198 0.00319552
      0.75 0.000920093  0.0852713 0.00182054
      0.76 0.000920093  0.0869565 0.00182092
      0.77 0.000920093  0.0957447 0.00182267
      0.78 0.000920093   0.107143 0.00182452
      0.79 0.000353882   0.115942 0.00070561
       0.8 0.000353882   0.101695 0.00070531
      0.81 0.000353882   0.136364 0.000705932
      0.82 0.000353882   0.131579 0.000705866
      0.83 0.000353882   0.121212 0.000705704
      0.84 0.000353882    0.09375 0.000705103
      0.85          0          0          0
      0.86          0          0          0
      0.87          0          0          0
      0.88          0          0          0
      0.89          0          0          0
       0.9          0          0          0
      0.91          0          0          0
      0.92          0          0          0
      0.93          0          0          0
      0.94          0          0          0
      0.95          0          0          0
      0.96          0          0          0
      0.97          0          0          0
      0.98          0          0          0
      0.99          0          0          0
