         0          1   0.108911   0.196429
      0.01          1   0.122988   0.219037
      0.02          1   0.131488   0.232416
      0.03   0.999732   0.141461   0.247852
      0.04   0.999195   0.157477   0.272074
      0.05   0.998659   0.169651   0.290031
      0.06   0.996915   0.185824   0.313258
      0.07   0.991014   0.195325   0.326331
      0.08   0.984174   0.208253   0.343765
      0.09   0.975992   0.216541   0.354443
       0.1   0.967543   0.225372   0.365587
      0.11   0.958155   0.233352   0.375302
      0.12     0.9489   0.240296    0.38348
      0.13   0.923015    0.24503   0.387256
      0.14   0.911212   0.247945   0.389819
      0.15   0.886132   0.253527   0.394256
      0.16   0.870172   0.251486   0.390201
      0.17   0.824571   0.255588   0.390221
      0.18   0.792918   0.256799   0.387953
      0.19   0.756035    0.25491   0.381269
       0.2   0.727736   0.254255   0.376848
      0.21   0.675966   0.250466   0.365503
      0.22   0.627012   0.248924   0.356369
      0.23   0.591738   0.246051   0.347576
      0.24   0.533262   0.237793   0.328915
      0.25   0.483503   0.231637   0.313217
      0.26   0.431465   0.224308   0.295166
      0.27    0.40625   0.221111   0.286362
      0.28   0.379024   0.217248    0.27619
      0.29   0.358771   0.213303   0.267542
       0.3   0.312768   0.204555   0.247343
      0.31   0.285944   0.199398   0.234955
      0.32   0.266363   0.193792   0.224355
      0.33   0.247452   0.188467   0.213969
      0.34   0.228004   0.184363   0.203874
      0.35     0.2103   0.177665    0.19261
      0.36   0.200912   0.170796   0.184634
      0.37   0.172479   0.164414    0.16835
      0.38   0.141765   0.160328   0.150476
      0.39   0.136937   0.161129   0.148051
       0.4   0.130633   0.159315   0.143556
      0.41   0.126744   0.161796   0.142141
      0.42   0.119635   0.169003   0.140097
      0.43   0.112929   0.170334   0.135815
      0.44  0.0952253   0.169203   0.121866
      0.45  0.0842275    0.16826    0.11226
      0.46  0.0810086    0.17484   0.110718
      0.47  0.0789968   0.178815   0.109582
      0.48  0.0710837   0.174721   0.101054
      0.49  0.0618294   0.172142  0.0909807
       0.5  0.0567328   0.174757  0.0856579
      0.51  0.0540504   0.171171   0.082158
      0.52  0.0478809   0.168239   0.074546
      0.53  0.0434549   0.168634  0.0691029
      0.54  0.0429185   0.170863  0.0686044
      0.55  0.0392972   0.164063  0.0634068
      0.56  0.0355418   0.160417  0.0581909
      0.57  0.0333959   0.155405  0.0549774
      0.58   0.026824   0.146853  0.0453622
      0.59  0.0237393     0.1325  0.0402646
       0.6   0.020118      0.136  0.0350511
      0.61  0.0177039   0.137026  0.0313565
      0.62  0.0163627   0.139241   0.029284
      0.63  0.0140826   0.133106  0.0254705
      0.64  0.0127414   0.128788  0.0231887
      0.65  0.0105955   0.129707  0.0195907
      0.66  0.0101931   0.130233  0.0189065
      0.67 0.00965665   0.131313  0.0179903
      0.68 0.00938841   0.137363  0.0175756
      0.69 0.00938841   0.147929  0.0176563
       0.7 0.00912017   0.164384  0.0172815
      0.71 0.00871781   0.179688  0.0166288
      0.72 0.00871781   0.183333  0.0166442
      0.73 0.00858369   0.196262   0.016448
      0.74 0.00858369   0.216495  0.0165127
      0.75 0.00858369   0.235955  0.0165648
      0.76 0.00804721    0.22619  0.0155415
      0.77 0.00670601    0.21519  0.0130067
      0.78 0.00630365   0.202703  0.0122271
      0.79 0.00563305    0.19403  0.0109482
       0.8 0.00456009   0.190476 0.00890694
      0.81 0.00429185   0.196429 0.00840015
      0.82 0.00429185   0.211538   0.008413
      0.83 0.00429185   0.229167 0.00842589
      0.84 0.00429185       0.25 0.00843882
      0.85 0.00375536       0.25 0.00739958
      0.86 0.00375536   0.263158 0.00740506
      0.87   0.003353       0.25 0.00661726
      0.88   0.003353        0.3 0.00663189
      0.89   0.003353   0.321429 0.00663678
       0.9 0.00281652   0.333333 0.00558585
      0.91 0.00228004        0.3 0.00452569
      0.92 0.00228004   0.352941 0.00453082
      0.93 0.00228004   0.333333 0.00452911
      0.94 0.00228004   0.333333 0.00452911
      0.95 0.00228004   0.333333 0.00452911
      0.96 0.00187768        0.3 0.00373201
      0.97  0.0013412   0.333333 0.00267165
      0.98  0.0013412   0.333333 0.00267165
      0.99  0.0013412          1 0.00267881
