         0          1   0.308236   0.471224
      0.01   0.998441   0.339923   0.507176
      0.02   0.997334      0.372   0.541881
      0.03   0.995372    0.37969   0.549696
      0.04   0.993058   0.390229   0.560288
      0.05   0.991197   0.398945   0.568911
      0.06   0.988833   0.408665   0.578321
      0.07   0.987274   0.413157   0.582533
      0.08   0.983551   0.419727   0.588369
      0.09   0.982042   0.423702    0.59199
       0.1   0.973843   0.429457   0.596057
      0.11   0.963632   0.434886   0.599306
      0.12   0.952817   0.436804   0.599004
      0.13    0.94004   0.436724   0.596381
      0.14   0.924547    0.43775   0.594174
      0.15   0.902062   0.438533   0.590162
      0.16   0.883551   0.439132    0.58668
      0.17   0.863833   0.439328   0.582439
      0.18   0.848944   0.440117   0.579701
      0.19   0.827163   0.441159   0.575423
       0.2   0.812877   0.440539   0.571405
      0.21    0.79165   0.437201   0.563307
      0.22   0.765191   0.430957   0.551378
      0.23   0.750905   0.426447   0.543968
      0.24    0.72329   0.417917   0.529746
      0.25   0.704829   0.413643   0.521332
      0.26   0.667404   0.406243    0.50506
      0.27   0.652414   0.403031    0.49826
      0.28   0.614839   0.398663   0.483696
      0.29   0.595724   0.395342   0.475276
       0.3   0.560614     0.3958   0.464006
      0.31    0.53828   0.394815   0.455519
      0.32   0.524145   0.395127   0.450582
      0.33   0.488732   0.392146   0.435144
      0.34   0.468561   0.392341   0.427077
      0.35   0.430684   0.391101   0.409939
      0.36   0.411268   0.388053   0.399323
      0.37   0.379628   0.388578   0.384051
      0.38   0.364789   0.391336   0.377596
      0.39   0.343159   0.394945   0.367235
       0.4   0.330936   0.398658   0.361654
      0.41    0.31172   0.406502   0.352857
      0.42   0.297284   0.413991   0.346063
      0.43    0.28838   0.421224   0.342367
      0.44   0.273994   0.429195   0.334467
      0.45   0.268461    0.43926    0.33325
      0.46   0.255684   0.442897   0.324205
      0.47   0.241449   0.454227   0.315298
      0.48   0.232495   0.471667   0.311463
      0.49   0.226962    0.47873   0.307934
       0.5   0.217103   0.480896   0.299152
      0.51        0.2   0.495824   0.285028
      0.52   0.194718        0.5   0.280284
      0.53     0.1834    0.51087   0.269906
      0.54   0.176056   0.522772   0.263405
      0.55   0.167807   0.553167     0.2575
      0.56   0.159708   0.573217   0.249814
      0.57    0.15166   0.602339    0.24231
      0.58   0.145221   0.615756   0.235016
      0.59   0.134054   0.604982   0.219476
       0.6   0.123994   0.607843   0.205972
      0.61     0.1166   0.630137   0.196786
      0.62   0.101811   0.669444   0.176742
      0.63  0.0972837   0.682927   0.170307
      0.64  0.0928068    0.70979   0.164151
      0.65  0.0908451   0.742308   0.161879
      0.66  0.0848592   0.772321   0.152917
      0.67   0.078672   0.781553   0.142954
      0.68  0.0661972   0.789189   0.122149
      0.69  0.0623742   0.789474   0.115614
       0.7  0.0511066   0.784722  0.0959635
      0.71  0.0433602   0.775194  0.0821266
      0.72  0.0402414   0.767241   0.076472
      0.73  0.0390342   0.766355  0.0742847
      0.74  0.0358149   0.757576  0.0683963
      0.75  0.0326962   0.774194  0.0627426
      0.76  0.0315392   0.770115  0.0605968
      0.77  0.0312374    0.77381  0.0600507
      0.78  0.0287223     0.7625  0.0553594
      0.79  0.0236922   0.736111  0.0459068
       0.8  0.0236922   0.732394  0.0458995
      0.81  0.0235915   0.742424    0.04573
      0.82  0.0205231   0.728814  0.0399221
      0.83  0.0203219   0.732143  0.0395462
      0.84  0.0172032   0.733333  0.0336178
      0.85  0.0144869       0.75  0.0284248
      0.86  0.0120221        0.8  0.0236883
      0.87  0.0104125   0.857143   0.020575
      0.88 0.00995976   0.888889  0.0196988
      0.89 0.00985915          1  0.0195258
       0.9 0.00975855          1  0.0193285
      0.91 0.00850101          1  0.0168587
      0.92  0.0084507          1  0.0167598
      0.93 0.00679074          1  0.0134899
      0.94 0.00528169          1  0.0105079
      0.95 0.00497988          1 0.00991041
      0.96 0.00256539          1 0.00511766
      0.97 0.00206237          1 0.00411626
      0.98 0.00206237          1 0.00411626
      0.99 0.00206237          1 0.00411626
