    119082   0.239192   0.682568   0.714262   0.698056
     58060          0          1   0.374026   0.544424
     42049        0.2   0.968886    0.70722   0.817628
     24077       0.04   0.976914   0.494571   0.656688
     78004       0.25   0.725708   0.615128   0.665858
     45096  0.0867677   0.828503   0.613442   0.704935
     38092       0.17   0.857458   0.606272   0.710313
     43074       0.18   0.527456   0.465195   0.494373
     16077       0.17   0.725149   0.434337   0.543274
     86000       0.11   0.963632   0.434886   0.599306
    101085        0.2   0.824417   0.513028   0.632473
     89072       0.14   0.887182   0.363421   0.515624
    126007       0.11   0.917809   0.497312   0.645086
     76053       0.12   0.792392   0.497493   0.611232
     86016          0          1   0.363236   0.532903
    103070       0.16   0.663001   0.434394   0.524886
      8023       0.15   0.886132   0.253527   0.394256
     41033       0.18   0.634108   0.419649   0.505055
    109053       0.12    0.84072   0.335898   0.480013
    130026       0.35   0.364175   0.403965    0.38304
    108082        0.1    0.84676    0.16379   0.274485
     69040          0          1   0.319512   0.484288
     14037       0.11   0.752279   0.552704   0.637231
     54082        0.1   0.891589   0.559285   0.687382
     62096       0.44   0.699567   0.474992   0.565811
     12084       0.15   0.882572   0.323945   0.473934
     69015       0.17   0.754217   0.770267   0.762158
     97033       0.21    0.90168   0.445701   0.596535
     19021   0.163737   0.799065   0.605134   0.688708
     86068       0.15   0.851196   0.237848   0.371804
      3096       0.03   0.910652   0.426055   0.580512
     41069       0.25   0.519242    0.25174   0.339085
     21077       0.14   0.917818    0.53567   0.676507
    108070          0          1   0.230724    0.37494
    123074   0.212525   0.428221   0.246716   0.313063
     38082       0.16   0.884975   0.467497   0.611803
     33039          0          1   0.331079    0.49746
    108005       0.16    0.84527   0.377178   0.521604
    106024       0.17   0.519993   0.327834   0.402137
    102061       0.15   0.878815   0.332387   0.482342
     37073       0.08   0.973715   0.754094   0.849946
     65033   0.164747   0.751438   0.490864   0.593823
     55073       0.15   0.774359    0.46421   0.580453
     66053        0.2    0.68576   0.422995   0.523241
     85048       0.21   0.777702   0.463813   0.581078
     42012       0.07   0.875456   0.470972   0.612458
     87046       0.12   0.857555   0.352556   0.499684
    105025   0.183737   0.679676   0.380025   0.487484
    101087        0.1   0.910589   0.610512   0.730951
     69020       0.23   0.845855   0.377692   0.522207
