         0          1   0.296598   0.457502
      0.01   0.995382   0.400503   0.571184
      0.02   0.988933   0.447491   0.616167
      0.03   0.985191   0.466914   0.633562
      0.04   0.979419   0.499399   0.661503
      0.05    0.97293    0.51893    0.67685
      0.06   0.963336   0.546866   0.697676
      0.07   0.957643   0.561209   0.707689
      0.08   0.945979   0.580863   0.719765
      0.09   0.931927   0.591174   0.723433
       0.1   0.910589   0.610512   0.730951
      0.11   0.885032   0.620506    0.72953
      0.12   0.866879    0.62915   0.729126
      0.13   0.826035   0.637996    0.71994
      0.14   0.791839    0.63946   0.707539
      0.15   0.759275   0.643756    0.69676
      0.16    0.74172   0.646107    0.69062
      0.17   0.704857   0.644574   0.673369
      0.18   0.674881   0.640433   0.657206
      0.19   0.633439   0.634036   0.633737
       0.2   0.602508   0.631893   0.616851
      0.21   0.561266   0.624768   0.591317
      0.22   0.525518   0.614514   0.566542
      0.23   0.504379   0.606609    0.55079
      0.24   0.469307   0.596601   0.525353
      0.25   0.455215   0.588663   0.513409
      0.26   0.426035   0.573998    0.48907
      0.27   0.409116   0.566484   0.475108
      0.28   0.380693   0.552726   0.450856
      0.29   0.369188   0.544991   0.440185
       0.3   0.344427   0.537146   0.419721
      0.31   0.325279   0.525128   0.401721
      0.32   0.316401   0.522333   0.394086
      0.33   0.305693   0.520556   0.385187
      0.34    0.29586   0.514089   0.375575
      0.35    0.27508   0.505481   0.356276
      0.36   0.258639   0.497783   0.340408
      0.37   0.244586   0.480027   0.324057
      0.38   0.238495   0.468923    0.31618
      0.39   0.224045   0.445266   0.298096
       0.4   0.212221   0.435496   0.285376
      0.41   0.198806   0.444643   0.274762
      0.42   0.189451   0.429889   0.262999
      0.43    0.18328   0.415879   0.254431
      0.44   0.172771   0.391732   0.239786
      0.45   0.168591   0.376768   0.232946
      0.46   0.158917   0.352571   0.219085
      0.47   0.147094   0.334412   0.204317
      0.48   0.128145    0.30518   0.180499
      0.49   0.119626   0.292431   0.169794
       0.5   0.104538   0.268957   0.150558
      0.51  0.0840366   0.248477   0.125596
      0.52  0.0823646   0.239211   0.122537
      0.53  0.0717755   0.219975   0.108235
      0.54  0.0702229   0.214013   0.105747
      0.55   0.067078   0.200777    0.10056
      0.56  0.0645701   0.183862  0.0955753
      0.57  0.0599522   0.172922  0.0890357
      0.58   0.057285   0.159401  0.0842812
      0.59  0.0485271   0.138268  0.0718407
       0.6  0.0438694   0.128531  0.0654126
      0.61  0.0421178   0.117391  0.0619935
      0.62  0.0379379   0.128857  0.0586176
      0.63  0.0341959   0.117096  0.0529334
      0.64  0.0284236  0.0901408  0.0432191
      0.65  0.0215366  0.0722543  0.0331826
      0.66  0.0115844  0.0332326  0.0171801
      0.67 0.00824045  0.0215385  0.0119203
      0.68 0.00720541  0.0154799 0.00983359
      0.69 0.00465764 0.00934579 0.00621696
       0.7 0.00207006  0.0031348 0.00249353
      0.71 0.00207006  0.0031348 0.00249353
      0.72          0          0          0
      0.73          0          0          0
      0.74          0          0          0
      0.75          0          0          0
      0.76          0          0          0
      0.77          0          0          0
      0.78          0          0          0
      0.79          0          0          0
       0.8          0          0          0
      0.81          0          0          0
      0.82          0          0          0
      0.83          0          0          0
      0.84          0          0          0
      0.85          0          0          0
      0.86          0          0          0
      0.87          0          0          0
      0.88          0          0          0
      0.89          0          0          0
       0.9          0          0          0
      0.91          0          0          0
      0.92          0          0          0
      0.93          0          0          0
      0.94          0          0          0
      0.95          0          0          0
      0.96          0          0          0
      0.97          0          0          0
      0.98          0          0          0
      0.99          0          0          0
