         0          1   0.168956   0.289072
      0.01   0.999836   0.182538   0.308715
      0.02    0.99918   0.223062   0.364705
      0.03   0.996308   0.236558   0.382336
      0.04   0.984165   0.247363   0.395356
      0.05   0.975222   0.253011   0.401784
      0.06   0.961766    0.26299   0.413037
      0.07   0.952987   0.269353   0.419997
      0.08    0.94552   0.280263   0.432367
      0.09   0.942238   0.288126   0.441306
       0.1   0.932803   0.297363   0.450965
      0.11   0.917132   0.304747   0.457481
      0.12   0.909583    0.31143   0.463995
      0.13   0.902117   0.318292   0.470558
      0.14   0.889564   0.324408   0.475433
      0.15   0.878815   0.332387   0.482342
      0.16   0.866754   0.333451   0.481618
      0.17   0.852478   0.334923   0.480907
      0.18    0.83492   0.333203   0.476316
      0.19   0.824664    0.33219   0.473603
       0.2   0.804726    0.33115   0.469215
      0.21   0.785363   0.330654   0.465375
      0.22   0.755743   0.332259   0.461585
      0.23     0.7404   0.333054   0.459439
      0.24   0.732196   0.336288   0.460893
      0.25   0.717427   0.337325   0.458887
      0.26   0.696177   0.335803   0.453068
      0.27   0.677223   0.334349   0.447677
      0.28   0.649655   0.334059   0.441232
      0.29   0.640876    0.33303   0.438299
       0.3   0.621431   0.328757    0.43002
      0.31   0.594273   0.319366   0.415461
      0.32   0.569495    0.31318   0.404122
      0.33    0.55407   0.309137   0.396854
      0.34   0.528142   0.304867   0.386582
      0.35     0.5096   0.295108   0.373767
      0.36   0.493846    0.28813   0.363929
      0.37   0.457745   0.275418    0.34391
      0.38   0.431736   0.269203   0.331625
      0.39   0.396291   0.261895   0.315372
       0.4   0.366836   0.254216   0.300315
      0.41   0.345011   0.246282   0.287404
      0.42   0.322777   0.241155   0.276059
      0.43   0.311372   0.238417   0.270054
      0.44   0.299393   0.229867   0.260064
      0.45   0.286675   0.221693   0.250031
      0.46   0.273384   0.211204   0.238305
      0.47   0.258615   0.203811   0.227965
      0.48   0.236134   0.192918    0.21235
      0.49   0.213653   0.183763   0.197584
       0.5   0.191008   0.175244   0.182787
      0.51   0.173613   0.166327   0.169892
      0.52   0.171972   0.164106   0.167947
      0.53   0.164178   0.156295    0.16014
      0.54   0.159255   0.151899    0.15549
      0.55   0.148507   0.141422   0.144878
      0.56   0.143584   0.136616   0.140013
      0.57   0.121759   0.128713   0.125139
      0.58   0.120118   0.127319   0.123614
      0.59   0.117082   0.124343   0.120604
       0.6   0.111339   0.119069   0.115074
      0.61  0.0967345   0.109125   0.102557
      0.62  0.0812274   0.100783  0.0899546
      0.63  0.0781917  0.0969388  0.0865618
      0.64  0.0756482  0.0944018  0.0839909
      0.65  0.0731047  0.0895522  0.0804969
      0.66  0.0607155  0.0865266  0.0713587
      0.67  0.0578438  0.0805195  0.0673235
      0.68  0.0475878  0.0734072  0.0577427
      0.69  0.0446341  0.0739645  0.0556724
       0.7  0.0361011  0.0657051  0.0465989
      0.71  0.0323269  0.0519931  0.0398666
      0.72  0.0302757  0.0477941  0.0370694
      0.73  0.0210863      0.036  0.0265951
      0.74  0.0150968  0.0293501  0.0199381
      0.75 0.00968165  0.0184758  0.0127054
      0.76 0.00951756  0.0171569  0.0122433
      0.77 0.00845094  0.0134409  0.0103772
      0.78          0          0          0
      0.79          0          0          0
       0.8          0          0          0
      0.81          0          0          0
      0.82          0          0          0
      0.83          0          0          0
      0.84          0          0          0
      0.85          0          0          0
      0.86          0          0          0
      0.87          0          0          0
      0.88          0          0          0
      0.89          0          0          0
       0.9          0          0          0
      0.91          0          0          0
      0.92          0          0          0
      0.93          0          0          0
      0.94          0          0          0
      0.95          0          0          0
      0.96          0          0          0
      0.97          0          0          0
      0.98          0          0          0
      0.99          0          0          0
