         0          1   0.337394   0.504555
      0.01   0.998888   0.313666   0.477416
      0.02   0.997347   0.323087   0.488067
      0.03   0.994694    0.32952   0.495043
      0.04   0.985666   0.341036   0.506741
      0.05    0.97022   0.347726   0.511964
      0.06   0.934834   0.353878   0.513408
      0.07   0.914595   0.361746   0.518436
      0.08   0.881006    0.37106   0.522187
      0.09   0.860896    0.37649   0.523877
       0.1   0.823029   0.382984   0.522726
      0.11    0.78867   0.389487   0.521453
      0.12   0.771341   0.394561   0.522069
      0.13   0.736297   0.404586    0.52222
      0.14   0.714604     0.4123   0.522904
      0.15   0.681229   0.423325   0.522168
      0.16   0.663001   0.434394   0.524886
      0.17   0.627787   0.449333   0.523777
      0.18   0.612255   0.457042   0.523383
      0.19    0.58778   0.466884   0.520403
       0.2   0.570151     0.4759    0.51878
      0.21   0.546789    0.48366   0.513291
      0.22    0.51842   0.490998   0.504336
      0.23   0.502974   0.495928   0.499426
      0.24   0.476231   0.504571   0.489992
      0.25   0.460656   0.506551   0.482515
      0.26   0.437123   0.512237   0.471708
      0.27   0.423516   0.515412   0.464967
      0.28   0.404262   0.518871   0.454452
      0.29   0.393351   0.520212   0.447973
       0.3   0.375337   0.519313    0.43574
      0.31    0.34239   0.516711   0.411865
      0.32   0.329297   0.515066   0.401746
      0.33    0.31415   0.511421   0.389217
      0.34   0.307518   0.509202   0.383458
      0.35   0.296521   0.505996    0.37392
      0.36   0.285568   0.503587   0.364461
      0.37    0.26841   0.497224   0.348625
      0.38   0.253819   0.490486   0.334526
      0.39   0.239014   0.486259   0.320494
       0.4   0.231098   0.485482   0.313138
      0.41   0.218134   0.483343   0.300604
      0.42   0.205896   0.480964   0.288352
      0.43   0.199478   0.476127   0.281161
      0.44   0.195413   0.476158   0.277104
      0.45   0.189294   0.473041   0.270389
      0.46   0.182748   0.468845   0.262988
      0.47   0.178982   0.465354    0.25853
      0.48   0.169954   0.461345     0.2484
      0.49    0.16298   0.458959   0.240541
       0.5    0.15224   0.458412   0.228571
      0.51   0.139275   0.455096   0.213279
      0.52   0.135595   0.463158   0.209776
      0.53   0.133584   0.477528   0.208768
      0.54   0.130461   0.487574   0.205844
      0.55   0.122973   0.496782   0.197145
      0.56   0.120021   0.508242   0.194185
      0.57    0.11664   0.521805   0.190662
      0.58    0.11403   0.524487   0.187332
      0.59   0.105687   0.523729   0.175881
       0.6   0.103975   0.527337   0.173701
      0.61  0.0975996   0.531792    0.16493
      0.62  0.0942621   0.536383   0.160346
      0.63  0.0884857   0.534831   0.151849
      0.64   0.082367   0.535627   0.142778
      0.65  0.0782594   0.534704   0.136535
      0.66  0.0726114   0.524194   0.127554
      0.67  0.0712849   0.518106   0.125326
      0.68  0.0628557   0.504451   0.111783
      0.69  0.0591759   0.485623   0.105496
       0.7  0.0576783   0.478827   0.102955
      0.71  0.0571649   0.469595   0.101922
      0.72  0.0551966   0.458333  0.0985276
      0.73  0.0534851   0.441176  0.0954041
      0.74  0.0498481   0.429658  0.0893321
      0.75  0.0465962   0.413934  0.0837633
      0.76  0.0463395   0.404255  0.0831478
      0.77  0.0412477   0.386667  0.0745435
      0.78  0.0412477   0.378995  0.0743983
      0.79  0.0355569   0.357843  0.0646863
       0.8  0.0332035   0.357143  0.0607584
      0.81  0.0299089   0.344828  0.0550435
      0.82  0.0288819   0.381295  0.0536965
      0.83  0.0272988   0.377953  0.0509197
      0.84  0.0260151   0.371681  0.0486268
      0.85  0.0257584   0.373832   0.048196
      0.86  0.0196397    0.35443  0.0372172
      0.87  0.0176715    0.40678  0.0338715
      0.88  0.0142484   0.447368  0.0276173
      0.89   0.013735   0.428571  0.0266169
       0.9   0.013735    0.46875   0.026688
      0.91   0.012323   0.464286  0.0240087
      0.92 0.00992683       0.48  0.0194514
      0.93 0.00992683   0.705882  0.0195783
      0.94 0.00954174   0.916667  0.0188869
      0.95  0.0082581          1  0.0163809
      0.96 0.00616148          1  0.0122475
      0.97 0.00616148          1  0.0122475
      0.98 0.00586197          1  0.0116556
      0.99 0.00560524          1   0.011148
