         0          1   0.193017   0.323578
      0.01   0.995874   0.184247   0.310963
      0.02    0.98744   0.223352   0.364301
      0.03   0.960803    0.23011   0.371296
      0.04   0.901766   0.226453      0.362
      0.05   0.859657   0.230081   0.363006
      0.06   0.814878   0.236753   0.366906
      0.07   0.790365   0.239244   0.367305
      0.08   0.751411   0.245545   0.370137
      0.09   0.733511   0.251454   0.374519
       0.1   0.695832   0.259421   0.377939
      0.11   0.644439    0.26019   0.370708
      0.12   0.611917   0.268871   0.373589
      0.13   0.578363   0.283871   0.380826
      0.14    0.56465   0.292015   0.384949
      0.15    0.54851    0.30861   0.394987
      0.16   0.541775   0.317324   0.400229
      0.17   0.519993   0.327834   0.402137
      0.18   0.506644   0.329155   0.399054
      0.19   0.497179   0.334716   0.400084
       0.2   0.477459   0.333698   0.392839
      0.21    0.46502   0.333984   0.388757
      0.22   0.438505    0.32892   0.375888
      0.23   0.421576   0.327616   0.368704
      0.24   0.401007   0.323237   0.357947
      0.25   0.384139   0.319795   0.349026
      0.26   0.355561    0.31519   0.334161
      0.27   0.348826   0.313606    0.33028
      0.28   0.329106   0.308499    0.31847
      0.29   0.323039   0.306417   0.314508
       0.3   0.304108    0.30061   0.302349
      0.31   0.284449   0.294755    0.28951
      0.32   0.267642   0.283538   0.275361
      0.33   0.252169    0.27128   0.261376
      0.34   0.237546   0.262429   0.249369
      0.35   0.230144   0.254889   0.241885
      0.36   0.210849   0.245968   0.227058
      0.37   0.194042   0.239693   0.214465
      0.38   0.181785   0.231988   0.203841
      0.39   0.155088   0.210326   0.178532
       0.4   0.146714   0.208333   0.172177
      0.41   0.141072   0.204115   0.166836
      0.42   0.123233   0.188277   0.148964
      0.43   0.106244   0.179909   0.133594
      0.44  0.0992051   0.169811   0.125243
      0.45  0.0891936    0.16185   0.115008
      0.46  0.0863418   0.152918   0.110367
      0.47  0.0780899   0.144181    0.10131
      0.48  0.0737819   0.137673  0.0960752
      0.49  0.0725077   0.129913  0.0930704
       0.5  0.0620715    0.10023  0.0766652
      0.51  0.0376798  0.0677541  0.0484277
      0.52  0.0304593  0.0576671  0.0398632
      0.53  0.0134701  0.0453901  0.0207749
      0.54  0.0117711  0.0397644   0.018165
      0.55 0.00910139  0.0328638   0.014255
      0.56 0.00418664  0.0274637 0.00726568
      0.57 0.000606759  0.0199667 0.00117773
      0.58 0.000606759  0.0183946 0.00117477
      0.59 0.000606759   0.016835  0.0011713
       0.6 0.000364056  0.0152801 0.000711167
      0.61 0.000364056  0.0137221 0.000709293
      0.62 0.000364056 0.00868056 0.000698804
      0.63 0.000364056  0.0069808 0.000692022
      0.64 0.00030338 0.00358423 0.000559409
      0.65          0          0          0
      0.66          0          0          0
      0.67          0          0          0
      0.68          0          0          0
      0.69          0          0          0
       0.7          0          0          0
      0.71          0          0          0
      0.72          0          0          0
      0.73          0          0          0
      0.74          0          0          0
      0.75          0          0          0
      0.76          0          0          0
      0.77          0          0          0
      0.78          0          0          0
      0.79          0          0          0
       0.8          0          0          0
      0.81          0          0          0
      0.82          0          0          0
      0.83          0          0          0
      0.84          0          0          0
      0.85          0          0          0
      0.86          0          0          0
      0.87          0          0          0
      0.88          0          0          0
      0.89          0          0          0
       0.9          0          0          0
      0.91          0          0          0
      0.92          0          0          0
      0.93          0          0          0
      0.94          0          0          0
      0.95          0          0          0
      0.96          0          0          0
      0.97          0          0          0
      0.98          0          0          0
      0.99          0          0          0
