         0          1   0.282356    0.44037
      0.01   0.999437   0.269469   0.424488
      0.02   0.999437   0.271272   0.426721
      0.03   0.998818   0.274292   0.430391
      0.04   0.998536   0.282192    0.44003
      0.05   0.998142   0.288656   0.447808
      0.06   0.995946   0.300416   0.461597
      0.07   0.992455     0.3074   0.469407
      0.08   0.980912    0.31748     0.4797
      0.09   0.968806   0.324491   0.486151
       0.1   0.949775     0.3349   0.495191
      0.11   0.928041   0.346202   0.504283
      0.12   0.918975    0.35333   0.510415
      0.13   0.899944   0.361402   0.515705
      0.14   0.883164   0.365368   0.516895
      0.15   0.859966   0.371717   0.519068
      0.16    0.84527   0.377178   0.521604
      0.17   0.819764   0.380974   0.520195
      0.18   0.801745   0.383028   0.518396
      0.19   0.775282   0.385502    0.51495
       0.2    0.75366   0.387918     0.5122
      0.21   0.712218    0.38736   0.501801
      0.22   0.675732   0.387497   0.492545
      0.23   0.652252    0.39015   0.488249
      0.24   0.620833   0.391112   0.479898
      0.25   0.594932   0.393103   0.473404
      0.26   0.569088   0.398366   0.468664
      0.27   0.558108   0.404659   0.469155
      0.28   0.541441   0.412504   0.468259
      0.29   0.525225   0.416233    0.46442
       0.3    0.50366   0.423333   0.460016
      0.31   0.467793   0.427349   0.446657
      0.32   0.452027   0.432842   0.442227
      0.33   0.430574   0.441555   0.435996
      0.34   0.420552   0.443648   0.431791
      0.35   0.406588   0.445586   0.425194
      0.36   0.394651   0.449823   0.420435
      0.37    0.37348   0.456264   0.410742
      0.38   0.356813   0.462717   0.402922
      0.39   0.342624   0.468601   0.395831
       0.4   0.331588   0.475638    0.39076
      0.41   0.313232   0.481357   0.379508
      0.42   0.305462   0.492287   0.376998
      0.43   0.299775   0.494998    0.37341
      0.44    0.29223   0.504448   0.370074
      0.45   0.282714   0.504155   0.362275
      0.46   0.271115    0.50908   0.353807
      0.47   0.260811   0.515228   0.346315
      0.48   0.250507    0.52459   0.339089
      0.49   0.242286   0.531991    0.33294
       0.5   0.234459   0.544314   0.327745
      0.51    0.22089    0.54776   0.314824
      0.52   0.218919   0.561435   0.315008
      0.53   0.212669    0.56547   0.309091
      0.54   0.208277   0.573484   0.305576
      0.55   0.191441   0.586483   0.288658
      0.56   0.181532   0.588378   0.277459
      0.57   0.169426   0.592992   0.263551
      0.58   0.163795   0.596264   0.256993
      0.59   0.155124   0.606061   0.247022
       0.6    0.15214   0.617347   0.244118
      0.61   0.142173   0.629002   0.231925
      0.62     0.1308   0.648936   0.217716
      0.63   0.121284   0.664352   0.205121
      0.64   0.117455       0.68   0.200311
      0.65   0.109797   0.681199   0.189113
      0.66   0.100676    0.71028   0.176355
      0.67  0.0977477   0.728477   0.172367
      0.68  0.0957207   0.727599   0.169184
      0.69  0.0940878   0.721805   0.166475
       0.7  0.0865991   0.721311   0.154633
      0.71  0.0821509    0.72093   0.147495
      0.72  0.0816441   0.721951   0.146698
      0.73  0.0663288   0.715976    0.12141
      0.74  0.0580518   0.713376   0.107367
      0.75  0.0554617   0.715278   0.102941
      0.76   0.050732   0.715385  0.0947451
      0.77  0.0451014   0.730435   0.084957
      0.78  0.0426239   0.736364  0.0805832
      0.79   0.041723   0.745098   0.079021
       0.8  0.0407658   0.776596  0.0774652
      0.81  0.0400901   0.781609  0.0762682
      0.82  0.0340653   0.766234  0.0652306
      0.83  0.0336149   0.763889   0.064396
      0.84  0.0311937   0.769231  0.0599561
      0.85  0.0298986   0.770492  0.0575636
      0.86  0.0244369       0.82  0.0474595
      0.87  0.0240428   0.808511   0.046697
      0.88  0.0212275      0.775  0.0413231
      0.89  0.0201577   0.756757  0.0392693
       0.9  0.0189752       0.75   0.037014
      0.91  0.0153153   0.769231  0.0300327
      0.92  0.0125563   0.761905  0.0247055
      0.93 0.00748874   0.769231  0.0148331
      0.94 0.00748874   0.833333  0.0148441
      0.95 0.00664414      0.875  0.0131881
      0.96 0.00433559   0.833333 0.00862629
      0.97 0.00320946          1 0.00639838
      0.98 0.00320946          1 0.00639838
      0.99 0.00320946          1 0.00639838
