         0          1   0.230724    0.37494
      0.01   0.998646   0.214045    0.35253
      0.02   0.988323   0.207925   0.343569
      0.03   0.979184   0.203056    0.33636
      0.04   0.956507   0.198887   0.329302
      0.05   0.937638   0.196364   0.324723
      0.06   0.912083   0.196187   0.322916
      0.07   0.894991   0.196452   0.322184
      0.08   0.857082   0.195623   0.318542
      0.09   0.843121   0.197149   0.319571
       0.1   0.800982   0.198653   0.318351
      0.11   0.777373   0.202475   0.321272
      0.12   0.758166   0.203856   0.321316
      0.13   0.726942   0.205027   0.319845
      0.14   0.709765   0.207967   0.321679
      0.15   0.667795   0.209657   0.319124
      0.16   0.647064   0.210152   0.317264
      0.17    0.61254   0.211098   0.313988
      0.18   0.592655   0.211222   0.311445
      0.19   0.551701   0.210059   0.304268
       0.2   0.534524   0.210139   0.301678
      0.21   0.491115   0.209396   0.293607
      0.22   0.458876    0.21052   0.288626
      0.23   0.444661   0.210392   0.285635
      0.24   0.411322   0.210135   0.278163
      0.25   0.392452   0.211263   0.274668
      0.26   0.376206   0.212814   0.271848
      0.27   0.361736   0.211692   0.267084
      0.28   0.344813   0.212526    0.26297
      0.29    0.33449   0.215827   0.262365
       0.3   0.297766   0.213091   0.248411
      0.31   0.284312     0.2119   0.242822
      0.32   0.265443   0.212222   0.235868
      0.33   0.252327   0.214459   0.231857
      0.34   0.242004   0.215509   0.227989
      0.35   0.221526   0.219382   0.220449
      0.36    0.21628   0.219033   0.217648
      0.37    0.20638   0.222222   0.214008
      0.38   0.200626   0.221729   0.210651
      0.39   0.190134   0.223301   0.205387
       0.4   0.178118   0.224299   0.198559
      0.41   0.169487   0.222158   0.192281
      0.42    0.15231   0.223575   0.181187
      0.43   0.147402    0.22674   0.178659
      0.44   0.132002   0.226859   0.166894
      0.45   0.125317    0.22079   0.159886
      0.46   0.112371   0.222321   0.149286
      0.47   0.105517   0.220644   0.142762
      0.48  0.0907937   0.211679    0.12708
      0.49  0.0834321   0.204059   0.118439
       0.5  0.0727704   0.200247   0.106748
      0.51  0.0665087   0.197279  0.0994798
      0.52  0.0633779   0.197962  0.0960161
      0.53  0.0522085   0.199341  0.0827455
      0.54  0.0521239   0.205263  0.0831364
      0.55  0.0497546   0.198807  0.0795905
      0.56  0.0489931   0.206074   0.079165
      0.57  0.0477238   0.219753  0.0784176
      0.58  0.0467084   0.217158  0.0768806
      0.59   0.043493     0.2125  0.0722071
       0.6  0.0401929   0.205575  0.0672395
      0.61  0.0386698        0.2  0.0648089
      0.62   0.027585   0.207547  0.0486977
      0.63  0.0269927   0.198953   0.047536
      0.64  0.0234388   0.179012  0.0414504
      0.65  0.0164156   0.164384  0.0298504
      0.66  0.0162464   0.156716  0.0294408
      0.67  0.0161618       0.16  0.0293581
      0.68  0.0161618   0.175439   0.029597
      0.69  0.0159079   0.191919  0.0293806
       0.7  0.0144695   0.185185  0.0268416
      0.71  0.0118463   0.196721   0.022347
      0.72  0.0115079   0.192308  0.0217162
      0.73  0.0071078   0.166667  0.0136342
      0.74  0.0071078   0.170732  0.0136474
      0.75 0.00685395   0.171429  0.0131809
      0.76 0.00626163   0.166667  0.0120698
      0.77 0.00541547   0.181818  0.0105177
      0.78 0.00541547       0.15  0.0104535
      0.79 0.00313082   0.111111 0.00609003
       0.8 0.00287697  0.0588235 0.00548564
      0.81 0.00287697  0.0588235 0.00548564
      0.82 0.00287697  0.0666667  0.0055159
      0.83 0.00287697  0.0769231 0.00554649
      0.84 0.00287697   0.111111 0.00560871
      0.85 0.00287697   0.111111 0.00560871
      0.86          0          0          0
      0.87          0          0          0
      0.88          0          0          0
      0.89          0          0          0
       0.9          0          0          0
      0.91          0          0          0
      0.92          0          0          0
      0.93          0          0          0
      0.94          0          0          0
      0.95          0          0          0
      0.96          0          0          0
      0.97          0          0          0
      0.98          0          0          0
      0.99          0          0          0
