         0          1   0.150167   0.261123
      0.01   0.980169   0.151724   0.262772
      0.02   0.961856   0.151953   0.262445
      0.03    0.95436   0.152841   0.263485
      0.04   0.950565   0.152416   0.262708
      0.05   0.945061   0.153179   0.263628
      0.06   0.931113   0.154597   0.265166
      0.07   0.916975   0.155794   0.266337
      0.08    0.89183   0.158071   0.268544
      0.09   0.875036   0.160595   0.271383
       0.1    0.84676    0.16379   0.274485
      0.11   0.812506   0.164362   0.273414
      0.12   0.798463   0.165658   0.274388
      0.13   0.762311   0.165398   0.271819
      0.14   0.725401   0.164121   0.267679
      0.15   0.664769   0.163631   0.262619
      0.16   0.643135   0.162676    0.25967
      0.17   0.582788   0.161557   0.252984
      0.18    0.55622   0.159276    0.24764
      0.19   0.508587   0.156776   0.239672
       0.2   0.476516   0.152696    0.23128
      0.21   0.439795   0.150342   0.224083
      0.22   0.407249   0.147017   0.216043
      0.23   0.384192   0.144302   0.209803
      0.24    0.36531   0.144684   0.207275
      0.25   0.343201   0.140327   0.199204
      0.26   0.316539      0.138   0.192205
      0.27   0.305247   0.135348    0.18754
      0.28   0.285985   0.128023   0.176869
      0.29   0.264446   0.126351   0.170999
       0.3   0.239397    0.12357   0.163002
      0.31   0.223646   0.122348   0.158168
      0.32    0.20723    0.11853   0.150804
      0.33   0.185407    0.11626   0.142909
      0.34   0.173831   0.115991    0.13914
      0.35   0.166524   0.115631   0.136488
      0.36   0.160452   0.115568   0.134361
      0.37   0.148496    0.11834   0.131714
      0.38   0.146978   0.120341   0.132332
      0.39   0.140526   0.122647   0.130979
       0.4   0.139767   0.125673   0.132346
      0.41   0.136635   0.129282   0.132857
      0.42    0.13303   0.128492   0.130721
      0.43   0.129329   0.123816   0.126513
      0.44   0.125344   0.123408   0.124368
      0.45   0.121833    0.12427    0.12304
      0.46   0.115286   0.123091   0.119061
      0.47   0.107126   0.123827   0.114873
      0.48   0.105608      0.128   0.115731
      0.49   0.102666   0.125392   0.112897
       0.5    0.09128   0.125141   0.105562
      0.51  0.0819812   0.120245  0.0974932
      0.52  0.0814119   0.120668  0.0972268
      0.53  0.0767625   0.125176  0.0951658
      0.54  0.0752443    0.11782  0.0918377
      0.55   0.064712   0.116694  0.0832552
      0.56  0.0640478   0.118151  0.0830665
      0.57   0.063099   0.123596  0.0835456
      0.58   0.062245   0.127745  0.0837042
      0.59  0.0577854   0.129956  0.0799989
       0.6   0.055603   0.132867  0.0783977
      0.61   0.054749   0.140665    0.07882
      0.62  0.0530411   0.148571  0.0781736
      0.63   0.048107    0.14939  0.0727779
      0.64  0.0467786   0.158076  0.0721934
      0.65  0.0415599   0.156134  0.0656461
      0.66  0.0408008      0.156   0.064684
      0.67  0.0408008   0.158996  0.0649376
      0.68  0.0402315   0.149533  0.0634042
      0.69  0.0389031   0.143564  0.0612175
       0.7  0.0336844   0.129032  0.0534226
      0.71  0.0322611   0.122807  0.0510987
      0.72  0.0275168   0.126582  0.0452065
      0.73  0.0275168   0.137931  0.0458806
      0.74  0.0275168   0.147059  0.0463592
      0.75  0.0261884   0.138211  0.0440334
      0.76  0.0255242    0.12605  0.0424522
      0.77   0.015751   0.115385  0.0277183
      0.78  0.0143277   0.105263  0.0252224
      0.79  0.0137584  0.0952381  0.0240434
       0.8  0.0137584   0.102564  0.0242622
      0.81  0.0101528  0.0909091  0.0182656
      0.82  0.0101528   0.111111  0.0186055
      0.83 0.00540848  0.0714286  0.0100556
      0.84 0.00540848  0.0789474  0.0101234
      0.85 0.00540848  0.0909091  0.0102096
      0.86 0.00455451  0.0689655 0.00854473
      0.87  0.0039852       0.04 0.00724825
      0.88  0.0039852   0.047619 0.00735487
      0.89  0.0039852     0.0625 0.00749264
       0.9          0          0          0
      0.91          0          0          0
      0.92          0          0          0
      0.93          0          0          0
      0.94          0          0          0
      0.95          0          0          0
      0.96          0          0          0
      0.97          0          0          0
      0.98          0          0          0
      0.99          0          0          0
