         0          1   0.223412   0.365227
      0.01          1   0.219563   0.360068
      0.02   0.999789   0.229602   0.373443
      0.03   0.999437    0.23588   0.381679
      0.04   0.998522   0.246052   0.394816
      0.05   0.995638   0.251958   0.402148
      0.06   0.989235   0.261946    0.41421
      0.07   0.985295   0.267455    0.42071
      0.08   0.976078   0.276829   0.431328
      0.09   0.970731   0.281921   0.436944
       0.1   0.960248   0.292165   0.448017
      0.11    0.94892   0.301793   0.457943
      0.12    0.94104   0.306371   0.462249
      0.13   0.923732   0.313686   0.468333
      0.14   0.907338     0.3188   0.471822
      0.15   0.882572   0.323945   0.473934
      0.16   0.862661   0.325404   0.472555
      0.17   0.826849   0.327932   0.469613
      0.18   0.802645   0.329585    0.46729
      0.19    0.77021   0.334914   0.466833
       0.2   0.742982   0.335188   0.461965
      0.21   0.705833   0.335409   0.454731
      0.22   0.654823   0.332157   0.440747
      0.23   0.614367   0.333275   0.432132
      0.24   0.572012   0.330254   0.418744
      0.25   0.535636   0.329579   0.408071
      0.26   0.485401   0.325235   0.389495
      0.27   0.444382   0.318349   0.370953
      0.28   0.399986   0.312069     0.3506
      0.29   0.371772   0.308521   0.337206
       0.3   0.322592   0.302308   0.312121
      0.31   0.283473   0.300847   0.291902
      0.32   0.259903   0.298424   0.277835
      0.33   0.224231     0.2891   0.252567
      0.34   0.203476   0.290063   0.239174
      0.35    0.18469   0.280368   0.222687
      0.36   0.173925   0.274368   0.212894
      0.37   0.150918   0.272213    0.19418
      0.38   0.142616   0.267826   0.186123
      0.39   0.126715   0.256972   0.169733
       0.4   0.118413   0.249733   0.160651
      0.41  0.0980792    0.22994   0.137506
      0.42  0.0809822   0.221039   0.118536
      0.43  0.0714839    0.20524   0.106036
      0.44  0.0589601   0.191736   0.090187
      0.45  0.0550201   0.182796  0.0845817
      0.46   0.048125   0.168337  0.0748511
      0.47  0.0399634   0.153173  0.0633885
      0.48  0.0332794   0.133495  0.0532772
      0.49  0.0310279   0.126289  0.0498164
       0.5  0.0193485   0.107143  0.0327778
      0.51  0.0187856   0.111486  0.0321534
      0.52  0.0143531   0.094697  0.0249278
      0.53  0.0121016  0.0798319  0.0210172
      0.54 0.00837262  0.0737327  0.0150377
      0.55 0.00443256  0.0564103 0.00821928
      0.56 0.00443256  0.0594595  0.0082501
      0.57 0.00267361  0.0493827 0.00507258
      0.58 0.00267361  0.0529801 0.00509034
      0.59 0.000633223  0.0396825 0.00124655
       0.6 0.000633223  0.0434783 0.00124827
      0.61 0.000633223  0.0505051 0.00125076
      0.62 0.000422149  0.0512821 0.000837404
      0.63 0.000281432  0.0428571 0.000559193
      0.64 0.000281432  0.0508475 0.000559767
      0.65 0.000211074  0.0357143 0.000419668
      0.66 0.000211074  0.0408163 0.000419977
      0.67 0.000140716  0.0208333 0.000279544
      0.68 0.000140716  0.0222222 0.000279662
      0.69 0.000140716  0.0243902 0.000279818
       0.7 0.000140716   0.025641 0.000279896
      0.71 0.000140716   0.027027 0.000279975
      0.72 0.000140716   0.027027 0.000279975
      0.73 0.000140716  0.0285714 0.000280053
      0.74 0.000140716  0.0285714 0.000280053
      0.75 0.000140716  0.0344828 0.000280289
      0.76          0          0          0
      0.77          0          0          0
      0.78          0          0          0
      0.79          0          0          0
       0.8          0          0          0
      0.81          0          0          0
      0.82          0          0          0
      0.83          0          0          0
      0.84          0          0          0
      0.85          0          0          0
      0.86          0          0          0
      0.87          0          0          0
      0.88          0          0          0
      0.89          0          0          0
       0.9          0          0          0
      0.91          0          0          0
      0.92          0          0          0
      0.93          0          0          0
      0.94          0          0          0
      0.95          0          0          0
      0.96          0          0          0
      0.97          0          0          0
      0.98          0          0          0
      0.99          0          0          0
