         0          1    0.32957   0.495755
      0.01   0.999745   0.322393    0.48756
      0.02   0.998596   0.347461   0.515541
      0.03   0.998383   0.352562   0.521105
      0.04   0.996213   0.363871   0.533045
      0.05   0.992724   0.376652   0.546105
      0.06   0.985661   0.399396   0.568452
      0.07   0.980172   0.415737    0.58384
      0.08    0.97247   0.441448   0.607242
      0.09   0.963407   0.459322   0.622064
       0.1   0.947792   0.486669   0.643114
      0.11   0.926815   0.512052   0.659655
      0.12   0.906051    0.52478   0.664617
      0.13   0.882223   0.546047   0.674572
      0.14   0.868309   0.559016   0.680151
      0.15   0.835078   0.584343   0.687565
      0.16   0.809974   0.598878   0.688611
      0.17   0.780785   0.615618   0.688433
      0.18   0.759169     0.6267   0.686603
      0.19   0.730278   0.642906   0.683812
       0.2   0.707684   0.651843   0.678617
      0.21   0.674326   0.662414   0.668317
      0.22   0.646839   0.666386   0.656467
      0.23   0.620628   0.670942   0.644805
      0.24   0.599481   0.673021   0.634126
      0.25   0.562335   0.671002   0.611881
      0.26   0.527104   0.674777   0.591869
      0.27   0.502085   0.675028   0.575852
      0.28    0.49183   0.677311   0.569858
      0.29   0.477874   0.677928   0.560588
       0.3   0.460216   0.677282   0.548038
      0.31   0.441367   0.677904   0.534641
      0.32    0.42924   0.680342   0.526379
      0.33   0.415667    0.68446   0.517226
      0.34   0.409582   0.687149   0.513241
      0.35   0.399583   0.692226   0.506685
      0.36    0.38869   0.692451   0.497898
      0.37   0.379117   0.701035   0.492105
      0.38   0.372266    0.70268   0.486692
      0.39   0.361076   0.708409   0.478341
       0.4   0.348694   0.711677   0.468058
      0.41    0.33895   0.712137   0.459294
      0.42   0.320951   0.714686   0.442973
      0.43   0.311122   0.722089   0.434873
      0.44   0.296315   0.722844   0.420326
      0.45   0.282912   0.717073   0.405743
      0.46   0.266956   0.713308   0.388511
      0.47   0.254957   0.720552   0.376644
      0.48   0.240533   0.725157   0.361242
      0.49   0.233044   0.731544   0.353481
       0.5   0.220577   0.749196   0.340813
      0.51   0.201813   0.761124   0.319033
      0.52   0.195728    0.77037   0.312148
      0.53   0.188495   0.775676   0.303288
      0.54   0.182495   0.781429   0.295888
      0.55   0.173177   0.789147   0.284025
      0.56   0.166156   0.807757   0.275617
      0.57   0.157561   0.826742   0.264679
      0.58   0.154923   0.834661   0.261338
      0.59   0.145562   0.861048   0.249026
       0.6   0.143094    0.86715   0.245652
      0.61   0.135478   0.877984   0.234735
      0.62   0.130542   0.893175   0.227791
      0.63    0.12267   0.909677   0.216188
      0.64   0.111139   0.930314   0.198558
      0.65   0.106629   0.933333   0.191393
      0.66   0.101523   0.939759    0.18325
      0.67  0.0952685   0.941909   0.173035
      0.68  0.0950983   0.951754   0.172919
      0.69  0.0919071   0.958333   0.167728
       0.7  0.0904178   0.965854   0.165356
      0.71  0.0882053   0.974359   0.161766
      0.72  0.0846736   0.983425   0.155922
      0.73  0.0825036   0.982143    0.15222
      0.74  0.0753127   0.987097   0.139948
      0.75  0.0748021          1   0.139192
      0.76   0.069994          1   0.130831
      0.77  0.0671432          1   0.125837
      0.78   0.065271          1   0.122544
      0.79  0.0642073          1   0.120667
       0.8   0.054974          1   0.104219
      0.81  0.0545485          1   0.103454
      0.82  0.0504638          1  0.0960791
      0.83  0.0482938          1  0.0921378
      0.84  0.0462514          1  0.0884135
      0.85  0.0418688          1  0.0803725
      0.86  0.0387627          1  0.0746324
      0.87  0.0310186          1  0.0601709
      0.88   0.027487          1  0.0535034
      0.89  0.0267211          1  0.0520514
       0.9  0.0246788          1  0.0481688
      0.91  0.0203387          1  0.0398666
      0.92  0.0195728          1  0.0383941
      0.93  0.0159986          1  0.0314934
      0.94   0.015871          1  0.0312461
      0.95   0.015871          1  0.0312461
      0.96  0.0140839          1  0.0277766
      0.97  0.0111905          1  0.0221334
      0.98 0.00787167          1  0.0156204
      0.99  0.0053187          1  0.0105811
