         0          1   0.382258   0.553092
      0.01   0.996528   0.437812   0.608352
      0.02   0.991374   0.479761   0.646606
      0.03   0.988618   0.487041   0.652587
      0.04   0.976914   0.494571   0.656688
      0.05   0.955295   0.496025   0.652992
      0.06   0.929418   0.501319   0.651322
      0.07   0.908264   0.507414   0.651089
      0.08   0.884212   0.515029   0.650917
      0.09    0.86764   0.518905   0.649417
       0.1   0.843409   0.523439   0.645973
      0.11   0.819607   0.528153   0.642367
      0.12   0.796986   0.531969   0.638053
      0.13   0.768746   0.539827   0.634263
      0.14   0.752282   0.543722   0.631221
      0.15   0.730126   0.553214   0.629476
      0.16   0.703962   0.559397   0.623408
      0.17   0.682451   0.572653   0.622749
      0.18   0.668743   0.581238   0.621928
      0.19   0.648341   0.593767   0.619855
       0.2   0.634955   0.598869   0.616384
      0.21   0.614088    0.60723    0.61064
      0.22   0.591539   0.617575   0.604276
      0.23   0.580407   0.625902   0.602297
      0.24   0.569312   0.641961   0.603458
      0.25   0.562261   0.649279   0.602645
      0.26   0.549304   0.660154   0.599649
      0.27   0.536204   0.668424   0.595058
      0.28    0.52203   0.678445   0.590048
      0.29   0.511829   0.685421    0.58604
       0.3   0.502094   0.695953   0.583339
      0.31   0.486202   0.703002    0.57484
      0.32   0.477755   0.708571   0.570709
      0.33   0.468306   0.715585   0.566121
      0.34   0.456673   0.718991   0.558568
      0.35   0.446079   0.726043   0.552626
      0.36   0.434303   0.727741   0.543973
      0.37   0.421239   0.736146   0.535852
      0.38   0.411182   0.741658   0.529052
      0.39   0.396149   0.754943   0.519628
       0.4   0.387344   0.758401   0.512788
      0.41   0.370736   0.761176   0.498617
      0.42   0.351695   0.764629   0.481789
      0.43   0.336913   0.766167   0.468019
      0.44   0.317298   0.774936   0.450244
      0.45   0.308243   0.782277   0.442232
      0.46   0.291242   0.781523   0.424347
      0.47   0.277641   0.782091   0.409802
      0.48   0.253946   0.781853   0.383373
      0.49   0.234225   0.784294   0.360722
       0.5   0.206235   0.785953   0.326735
      0.51   0.192312   0.795401   0.309736
      0.52   0.179462   0.797912    0.29302
      0.53   0.166327   0.796117   0.275165
      0.54   0.163034   0.799867   0.270859
      0.55   0.158488    0.79931   0.264526
      0.56   0.155804   0.799717   0.260798
      0.57   0.148681   0.794183   0.250471
      0.58   0.146211   0.792683   0.246885
      0.59   0.142883   0.793538   0.242162
       0.6   0.138981   0.790244   0.236389
      0.61   0.133613   0.788346   0.228498
      0.62   0.126669   0.781934    0.21802
      0.63   0.123734   0.778727   0.213538
      0.64   0.114822   0.766971    0.19974
      0.65   0.109954   0.756959   0.192016
      0.66   0.102974   0.740185   0.180796
      0.67  0.0971044   0.728606    0.17137
      0.68  0.0866173   0.705489   0.154291
      0.69  0.0817137   0.692958   0.146189
       0.7  0.0686854   0.669767   0.124594
      0.71  0.0564802   0.636364   0.103752
      0.72  0.0534378   0.625225  0.0984603
      0.73  0.0435234    0.59481  0.0811117
      0.74  0.0372955   0.577167  0.0700637
      0.75  0.0298865   0.560641   0.056748
      0.76  0.0256631   0.544153  0.0490145
      0.77  0.0221554   0.532995  0.0425424
      0.78  0.0183972   0.523684  0.0355457
      0.79  0.0163213   0.518919  0.0316472
       0.8   0.015677   0.515152   0.030428
      0.81  0.0153907   0.516949  0.0298914
      0.82  0.0132789   0.508721  0.0258823
      0.83  0.0123841   0.505988  0.0241765
      0.84  0.0123841   0.518634  0.0241906
      0.85  0.0123841   0.522293  0.0241946
      0.86  0.0122052   0.523179  0.0238538
      0.87  0.0112746   0.533101  0.0220821
      0.88  0.0109882   0.528777  0.0215291
      0.89  0.0104155   0.518797  0.0204211
       0.9 0.00966391   0.562232  0.0190012
      0.91 0.00948495    0.56682  0.0186577
      0.92  0.0092702   0.538071  0.0182264
      0.93 0.00826801   0.502924  0.0162686
      0.94 0.00690791   0.496689  0.0136263
      0.95 0.00569097   0.456693  0.0112419
      0.96 0.00490354   0.428571 0.00969614
      0.97 0.00436666   0.397849  0.0086385
      0.98 0.00286338   0.346154 0.00567978
      0.99 0.00175382   0.232143 0.00348134
