         0          1   0.173626   0.295879
      0.01   0.999321   0.179449   0.304262
      0.02   0.961583   0.348549   0.511641
      0.03   0.910652   0.426055   0.580512
      0.04   0.837117   0.434691   0.572236
      0.05   0.813737   0.423994   0.557503
      0.06   0.773186   0.413901   0.539172
      0.07   0.755627   0.410476   0.531972
      0.08   0.741269   0.405095    0.52389
      0.09   0.736709   0.405792   0.523327
       0.1   0.733217   0.407818   0.524119
      0.11   0.732732   0.407507   0.523738
      0.12   0.727881   0.407068   0.522133
      0.13   0.724486   0.408669   0.522567
      0.14   0.722255   0.410417   0.523409
      0.15   0.722158   0.409997   0.523042
      0.16   0.721867   0.407983   0.521325
      0.17   0.720702   0.404787   0.518408
      0.18   0.719635   0.402873    0.51656
      0.19   0.717986   0.400145   0.513891
       0.2   0.716531   0.397661   0.511467
      0.21   0.713426   0.394611   0.508152
      0.22   0.710807   0.392457   0.505702
      0.23   0.706927   0.391124   0.503613
      0.24   0.703531   0.388173   0.500304
      0.25   0.701106    0.38488   0.496952
      0.26   0.687039   0.380347   0.489632
      0.27   0.682868   0.377614   0.486308
      0.28   0.674331   0.372702    0.48007
      0.29   0.671808   0.370764   0.477823
       0.3   0.658421   0.361745   0.466944
      0.31   0.647846   0.355439   0.459031
      0.32   0.642608   0.351935   0.454794
      0.33   0.636011   0.344884   0.447245
      0.34   0.628638   0.340824   0.442008
      0.35   0.620586   0.336555   0.436427
      0.36   0.617967   0.333192   0.432949
      0.37   0.609139   0.329751   0.427875
      0.38   0.598564   0.324324   0.420699
      0.39   0.590221    0.31942   0.414512
       0.4   0.586438   0.316696   0.411285
      0.41   0.574117   0.312249     0.4045
      0.42   0.567132   0.306379   0.397837
      0.43   0.556655     0.3037   0.392992
      0.44   0.546081   0.297494   0.385161
      0.45   0.543849   0.296143   0.383473
      0.46   0.532596    0.29371   0.378622
      0.47    0.53085   0.292717   0.377356
      0.48   0.529104   0.289821   0.374504
      0.49   0.526096   0.288826   0.372919
       0.5   0.520567   0.288773   0.371477
      0.51   0.506791   0.285303    0.36508
      0.52   0.504948   0.284404   0.363866
      0.53   0.493888   0.282917   0.359754
      0.54   0.493597   0.284012    0.36056
      0.55   0.490784   0.289541   0.364213
      0.56   0.487971   0.290881   0.364488
      0.57   0.481568    0.29472   0.365657
      0.58    0.47953   0.298673   0.368085
      0.59   0.478366   0.302752   0.370818
       0.6   0.470799   0.302585   0.368399
      0.61   0.461195   0.298083   0.362119
      0.62   0.428405    0.29316   0.348108
      0.63   0.413853   0.299726   0.347663
      0.64   0.406383   0.306227   0.349267
      0.65    0.40357   0.302413   0.345745
      0.66   0.400175   0.299598   0.342659
      0.67   0.388533   0.294561   0.335083
      0.68   0.366802   0.279683   0.317373
      0.69   0.345751   0.264081   0.299447
       0.7    0.29967   0.241551    0.26749
      0.71   0.259992   0.221184   0.239023
      0.72   0.242627   0.209677   0.224952
      0.73    0.21721    0.19398   0.204939
      0.74   0.204695   0.187646     0.1958
      0.75   0.173749   0.172583   0.173164
      0.76   0.158906   0.167296   0.162993
      0.77   0.150078    0.15748    0.15369
      0.78   0.148331   0.152815    0.15054
      0.79   0.134556     0.1398   0.137128
       0.8   0.126795   0.133136   0.129888
      0.81  0.0997284   0.119869   0.108875
      0.82  0.0847885   0.103986  0.0934112
      0.83  0.0829453   0.106542  0.0932744
      0.84  0.0748933   0.104925  0.0874013
      0.85  0.0674234   0.101149  0.0809126
      0.86  0.0443345  0.0869565  0.0587272
      0.87  0.0356034  0.0689655  0.0469625
      0.88  0.0334692  0.0674487  0.0447384
      0.89  0.0291036  0.0679012  0.0407438
       0.9  0.0261932  0.0538721  0.0352483
      0.91  0.0175592  0.0462185  0.0254496
      0.92  0.0139697  0.0458716  0.0214171
      0.93  0.0131936  0.0353535   0.019216
      0.94 0.00882809  0.0227273  0.0127166
      0.95 0.00795499   0.025641  0.0121428
      0.96 0.00795499   0.019802  0.0113503
      0.97 0.00795499  0.0289855  0.0124838
      0.98          0          0          0
      0.99          0          0          0
