         0          1   0.331079    0.49746
      0.01          1   0.311474   0.474998
      0.02   0.999876   0.311304   0.474786
      0.03   0.999834   0.310718     0.4741
      0.04   0.999668   0.309444   0.472597
      0.05   0.999544   0.308215   0.471148
      0.06   0.999461   0.306006   0.468554
      0.07   0.999295   0.304541   0.466817
      0.08   0.996309   0.301978   0.463477
      0.09   0.993655   0.300805   0.461809
       0.1   0.989839   0.298546   0.458733
      0.11   0.982332   0.296353   0.455339
      0.12   0.976526     0.2935   0.451345
      0.13   0.966946   0.291728   0.448226
      0.14   0.962177    0.29091   0.446747
      0.15   0.949859   0.290263   0.444648
      0.16   0.942062    0.28985   0.443305
      0.17   0.931486   0.288664   0.440744
      0.18   0.921823   0.288779   0.439787
      0.19   0.904861   0.288572   0.437591
       0.2   0.892419   0.288721   0.436291
      0.21   0.875124   0.288493   0.433935
      0.22   0.860401   0.290319   0.434147
      0.23   0.850199    0.29061    0.43316
      0.24   0.837591   0.290805    0.43172
      0.25   0.824071    0.29149   0.430651
      0.26   0.800846   0.292404   0.428394
      0.27   0.788197   0.294056   0.428318
      0.28     0.7714   0.296972   0.428847
      0.29   0.757714   0.298373   0.428149
       0.3   0.739964   0.301149   0.428079
      0.31   0.721052   0.305172   0.428844
      0.32   0.707988   0.307631   0.428899
      0.33   0.690818   0.311264    0.42916
      0.34   0.678293   0.313006   0.428347
      0.35   0.660791   0.318346   0.429685
      0.36   0.646193   0.320985   0.428914
      0.37   0.634705   0.324958   0.429843
      0.38   0.623673   0.328975   0.430742
      0.39   0.602729   0.336099   0.431552
       0.4   0.595471   0.340193   0.433009
      0.41   0.583527   0.345594   0.434095
      0.42   0.570131   0.353249   0.436219
      0.43   0.559431   0.357438   0.436184
      0.44   0.545869   0.360188   0.434003
      0.45    0.53745   0.362747   0.433146
      0.46   0.524054    0.36899    0.43306
      0.47   0.516423   0.372017   0.432484
      0.48    0.49635   0.373562    0.42629
      0.49   0.486397   0.374949   0.423463
       0.5   0.469559   0.380701   0.420487
      0.51   0.454545   0.382172   0.415228
      0.52   0.443431   0.387008   0.413303
      0.53   0.425058   0.391082   0.407363
      0.54   0.411579   0.394059   0.402629
      0.55   0.389142   0.396483   0.392778
      0.56   0.381097   0.400262   0.390444
      0.57   0.352439   0.403391   0.376197
      0.58   0.339292   0.407421   0.370248
      0.59   0.323698   0.413169   0.363001
       0.6    0.30968   0.412353   0.353716
      0.61   0.288238    0.41534   0.340309
      0.62   0.273681   0.429867   0.334438
      0.63   0.263769   0.430344   0.327069
      0.64    0.24324   0.436558   0.312411
      0.65   0.235236   0.443106   0.307321
      0.66   0.220844    0.44684   0.295595
      0.67   0.211347   0.452209   0.288063
      0.68   0.195214   0.450945   0.272474
      0.69   0.184763   0.455954   0.262966
       0.7   0.165312   0.458015   0.242939
      0.71   0.147893   0.476309   0.225705
      0.72   0.142875    0.47561   0.219739
      0.73   0.132631   0.476119   0.207468
      0.74   0.125249   0.474026   0.198143
      0.75   0.114093   0.464991   0.183228
      0.76   0.111687   0.474088   0.180785
      0.77   0.104305   0.463043   0.170258
      0.78  0.0946831   0.458034   0.156927
      0.79  0.0895405   0.462162   0.150016
       0.8  0.0792137   0.463855   0.135319
      0.81  0.0750664   0.468439   0.129397
      0.82  0.0664814   0.457031   0.116078
      0.83  0.0592651   0.435556   0.104334
      0.84  0.0507631   0.420765  0.0905962
      0.85   0.046284   0.407407  0.0831246
      0.86  0.0421782   0.402878  0.0763618
      0.87  0.0287823   0.396552  0.0536693
      0.88  0.0229346   0.383838  0.0432831
      0.89  0.0222711   0.377778  0.0420624
       0.9  0.0166307   0.352941  0.0317647
      0.91  0.0133543   0.327273  0.0256616
      0.92  0.0118198   0.333333  0.0228301
      0.93  0.0106171   0.358974  0.0206243
      0.94  0.0102024   0.363636  0.0198479
      0.95 0.00750664       0.36  0.0147066
      0.96 0.00721632   0.470588  0.0142147
      0.97 0.00684307   0.461538  0.0134862
      0.98  0.0044791        0.5 0.00887866
      0.99  0.0034008          1 0.00677854
