         0          1   0.310743   0.474148
      0.01   0.999037   0.312135   0.475658
      0.02   0.993182    0.31451   0.477736
      0.03   0.983676   0.314677    0.47682
      0.04   0.974532    0.32111   0.483054
      0.05   0.968676   0.330583    0.49294
      0.06   0.962901   0.351007   0.514473
      0.07   0.957125   0.367782   0.531378
      0.08    0.95163   0.396767   0.560036
      0.09   0.947981   0.419294   0.581423
       0.1   0.942847   0.454857   0.613665
      0.11   0.938836   0.492187   0.645808
      0.12   0.928849   0.516795   0.664098
      0.13   0.918301   0.544083   0.683312
      0.14   0.911162   0.561735      0.695
      0.15   0.890146   0.583048   0.704589
      0.16   0.882204   0.592984   0.709242
      0.17   0.857458   0.606272   0.710313
      0.18   0.841415   0.612433   0.708891
      0.19   0.812979   0.611069    0.69771
       0.2   0.793487   0.609253   0.689271
      0.21   0.756868   0.604171   0.671954
      0.22   0.715237   0.598212   0.651511
      0.23    0.69763   0.593842   0.641566
      0.24   0.663859    0.58565   0.622307
      0.25   0.636105   0.574757   0.603877
      0.26   0.607508   0.561119   0.583393
      0.27   0.582882   0.549417   0.565655
      0.28   0.548791   0.533398   0.540985
      0.29   0.527574   0.525891   0.526731
       0.3   0.499499   0.513265   0.506288
      0.31   0.465207   0.496271   0.480237
      0.32   0.442546   0.487041   0.463728
      0.33   0.409618   0.469934   0.437708
      0.34   0.383428   0.459932    0.41821
      0.35   0.353868   0.441663   0.392921
      0.36   0.338467   0.432781   0.379857
      0.37   0.305619   0.419479    0.35361
      0.38   0.280913   0.407296     0.3325
      0.39   0.266394   0.393845   0.317818
       0.4   0.250792   0.388052   0.304676
      0.41   0.225565   0.369553    0.28014
      0.42   0.212008   0.357525   0.266177
      0.43   0.195083   0.346036   0.249504
      0.44   0.189789   0.338832   0.243299
      0.45    0.17896      0.325    0.23082
      0.46   0.159708   0.309606   0.210718
      0.47   0.151967   0.298208   0.201334
      0.48   0.129627   0.284853   0.178174
      0.49   0.114748   0.273511   0.161669
       0.5   0.107087   0.265442   0.152608
      0.51  0.0934103   0.256732   0.136981
      0.52  0.0909638   0.252093   0.133688
      0.53  0.0841856   0.247582   0.125647
      0.54  0.0759235   0.241379   0.115513
      0.55  0.0639313   0.232044   0.100244
      0.56  0.0560302   0.221445  0.0894322
      0.57  0.0519392   0.228498  0.0846393
      0.58  0.0466851   0.216438  0.0768039
      0.59  0.0402278    0.20597  0.0673095
       0.6  0.0312036   0.197161    0.05388
      0.61   0.026872   0.189684   0.047075
      0.62   0.024265   0.179262  0.0427442
      0.63  0.0178879   0.169708  0.0323645
      0.64  0.0169254   0.164436  0.0306916
      0.65  0.0163639   0.161479  0.0297163
      0.66  0.0142783   0.154762  0.0261445
      0.67  0.0137168       0.15   0.025135
      0.68  0.0115911   0.139059  0.0213985
      0.69 0.00625677   0.132231  0.0119482
       0.7 0.00449204   0.129436 0.00868275
      0.71 0.00449204   0.129436 0.00868275
      0.72 0.00449204   0.129436 0.00868275
      0.73 0.00449204   0.129436 0.00868275
      0.74 0.00449204   0.129436 0.00868275
      0.75 0.00401075   0.127615 0.00777708
      0.76  0.0037701    0.12605 0.00732123
      0.77  0.0037701    0.12605 0.00732123
      0.78  0.0037701    0.12605 0.00732123
      0.79 0.00152408   0.124211 0.00301122
       0.8 0.00152408   0.124211 0.00301122
      0.81 0.00152408   0.124211 0.00301122
      0.82 0.00152408   0.126068 0.00301176
      0.83 0.00152408   0.126882 0.00301199
      0.84 0.00152408    0.12967 0.00301276
      0.85 0.00152408   0.135945 0.00301437
      0.86 0.00152408   0.144963 0.00301646
      0.87 0.00152408   0.156499 0.00301877
      0.88 0.00152408   0.175385 0.00302191
      0.89 0.00152408   0.197183 0.00302479
       0.9 0.00152408   0.205645 0.00302574
      0.91 0.00152408   0.177885 0.00302227
      0.92 0.00144387   0.161616 0.00286217
      0.93 0.00104279   0.106742 0.00206541
      0.94 0.000882365  0.0714286  0.0017432
      0.95 0.000240645  0.0377358 0.00047824
      0.96 0.00016043  0.0218978 0.000318526
      0.97 0.00016043      0.025 0.000318814
      0.98 0.00016043  0.0169492 0.000317851
      0.99          0          0          0
