         0          1   0.172013   0.293534
      0.01   0.999785   0.143866   0.251536
      0.02   0.999785   0.154788   0.268073
      0.03   0.999498   0.167995   0.287643
      0.04   0.990892   0.194405    0.32504
      0.05   0.977051   0.213029   0.349792
      0.06   0.949943   0.242943    0.38693
      0.07   0.937751   0.262078   0.409665
      0.08   0.908993   0.283907   0.432676
      0.09   0.885901   0.299635    0.44781
       0.1   0.839214   0.323994   0.467501
      0.11   0.800703   0.340468   0.477779
      0.12    0.76965   0.351803   0.482883
      0.13   0.734294   0.365092     0.4877
      0.14   0.706612   0.374845   0.489839
      0.15   0.683592   0.386888   0.494122
      0.16   0.666882   0.396617   0.497408
      0.17   0.643287   0.413108   0.503121
      0.18   0.634108   0.419649   0.505055
      0.19     0.6108   0.426943   0.502585
       0.2   0.591724   0.431682   0.499189
      0.21   0.569851   0.436321   0.494226
      0.22   0.539874   0.441542   0.485782
      0.23   0.526965   0.442788   0.481223
      0.24    0.49957   0.444599   0.470484
      0.25   0.483864    0.44626   0.464302
      0.26   0.445711   0.445862   0.445787
      0.27   0.435815   0.446278   0.440984
      0.28   0.419679   0.449049   0.433867
      0.29   0.411503   0.447069   0.428549
       0.3   0.394865   0.440388   0.416386
      0.31    0.37206    0.43576   0.401398
      0.32   0.364601   0.434739   0.396593
      0.33   0.348967   0.429544   0.385086
      0.34   0.340146   0.423948   0.377452
      0.35   0.333477   0.417459   0.370772
      0.36   0.326664   0.412135   0.364455
      0.37   0.320281   0.401659   0.356383
      0.38   0.308376   0.391119   0.344854
      0.39   0.293531   0.381281   0.331701
       0.4   0.280407   0.374352    0.32064
      0.41   0.264558    0.35545   0.303342
      0.42   0.246988   0.343137    0.28723
      0.43   0.241609   0.337598    0.28165
      0.44   0.233505   0.333333   0.274629
      0.45   0.220525   0.327368   0.263529
      0.46   0.214357   0.321786   0.257309
      0.47    0.20568   0.310971   0.247596
      0.48   0.194277   0.302782   0.236687
      0.49   0.188468   0.296047   0.230315
       0.5   0.179862    0.28534   0.220643
      0.51   0.163439   0.269517   0.203483
      0.52   0.161001   0.258157   0.198319
      0.53   0.147088    0.23996   0.182382
      0.54   0.140347   0.230453   0.174452
      0.55   0.125143   0.213978   0.157926
      0.56   0.122131   0.205525   0.153216
      0.57   0.113167   0.190092   0.141873
      0.58   0.101764   0.179548   0.129902
      0.59  0.0972461   0.172932   0.124488
       0.6  0.0950229   0.170604   0.122061
      0.61  0.0791738    0.15678   0.105214
      0.62  0.0659782   0.135618  0.0887699
      0.63   0.062249   0.128284  0.0838234
      0.64  0.0541452   0.115324  0.0736917
      0.65  0.0444636  0.0988655  0.0613401
      0.66  0.0408061   0.091954  0.0565273
      0.67  0.0408061  0.0892562  0.0560069
      0.68  0.0340648  0.0754717   0.046942
      0.69  0.0331325  0.0720562  0.0453928
       0.7   0.028973  0.0632911  0.0397497
      0.71  0.0242398   0.054717  0.0335963
      0.72  0.0189329  0.0504854  0.0275384
      0.73  0.0187177  0.0430328  0.0260881
      0.74  0.0138411  0.0362473  0.0200327
      0.75  0.0130522  0.0340136  0.0188652
      0.76  0.0130522  0.0340633  0.0188728
      0.77  0.0126936  0.0361111  0.0187843
      0.78  0.0116179   0.030581  0.0168387
      0.79  0.0109725  0.0252708  0.0153012
       0.8 0.00774527  0.0158103  0.0103971
      0.81 0.00322719 0.00925926 0.00478622
      0.82 0.00286862 0.00558659 0.00379075
      0.83          0          0          0
      0.84          0          0          0
      0.85          0          0          0
      0.86          0          0          0
      0.87          0          0          0
      0.88          0          0          0
      0.89          0          0          0
       0.9          0          0          0
      0.91          0          0          0
      0.92          0          0          0
      0.93          0          0          0
      0.94          0          0          0
      0.95          0          0          0
      0.96          0          0          0
      0.97          0          0          0
      0.98          0          0          0
      0.99          0          0          0
