         0          1   0.171113   0.292223
      0.01          1   0.148589   0.258734
      0.02   0.999143   0.147929   0.257703
      0.03   0.998381   0.146509   0.255522
      0.04   0.992284   0.145116   0.253203
      0.05   0.990665   0.145106   0.253135
      0.06   0.984187   0.145879   0.254096
      0.07   0.979329   0.146643    0.25509
      0.08   0.977043   0.149198   0.258867
      0.09   0.974757   0.151734   0.262593
       0.1    0.97009   0.156853   0.270043
      0.11   0.958754   0.162665    0.27814
      0.12   0.948943   0.166634   0.283488
      0.13   0.932844   0.173742   0.292927
      0.14   0.919032   0.176989   0.296816
      0.15    0.89398   0.181166   0.301277
      0.16   0.856544   0.184988   0.304264
      0.17   0.806344   0.191225   0.309137
      0.18   0.776434   0.194482   0.311051
      0.19   0.724614   0.204009    0.31838
       0.2   0.693751   0.209178   0.321437
      0.21   0.634311   0.217561   0.323995
      0.22   0.595542   0.229333   0.331147
      0.23   0.574109   0.238737   0.337238
      0.24   0.533721   0.247812   0.338469
      0.25   0.519242    0.25174   0.339085
      0.26   0.474281    0.25604   0.332552
      0.27   0.452943   0.258653   0.329274
      0.28   0.420271   0.262035   0.322804
      0.29   0.399886   0.265462   0.319095
       0.3   0.384168   0.267307   0.315256
      0.31   0.364736   0.271708   0.311423
      0.32   0.343494   0.271577   0.303331
      0.33   0.327872   0.272765    0.29779
      0.34   0.318442   0.271348   0.293015
      0.35   0.304058   0.269958   0.285995
      0.36   0.293675   0.270231   0.281466
      0.37   0.273766   0.266391   0.270029
      0.38   0.266241   0.265871   0.266056
      0.39   0.251381   0.259538   0.255394
       0.4   0.239379   0.255383   0.247122
      0.41   0.224138    0.24842   0.235655
      0.42    0.21004   0.238569   0.223397
      0.43   0.195752   0.230137   0.211556
      0.44   0.174605   0.220302    0.19481
      0.45   0.168223   0.214548   0.188582
      0.46   0.160126   0.206662   0.180442
      0.47   0.149267   0.200927   0.171286
      0.48   0.141074   0.192369   0.162776
      0.49   0.139455   0.189363   0.160622
       0.5   0.134788   0.177889   0.153367
      0.51   0.125548   0.163527   0.142043
      0.52   0.123643   0.158261   0.138826
      0.53   0.122309   0.152135   0.135601
      0.54   0.116117   0.143636   0.128419
      0.55  0.0982092   0.129213   0.111598
      0.56  0.0866832   0.123209   0.101768
      0.57  0.0809678   0.119447  0.0965135
      0.58  0.0800152    0.11729  0.0951317
      0.59  0.0714422   0.113684  0.0877438
       0.6  0.0652505   0.112432  0.0825771
      0.61  0.0640122   0.105909  0.0797953
      0.62  0.0583921   0.104895  0.0750217
      0.63  0.0564869  0.0978261  0.0716193
      0.64  0.0465803  0.0875635  0.0608114
      0.65  0.0425795  0.0848564  0.0567053
      0.66   0.037531   0.079235  0.0509355
      0.67  0.0335302  0.0764951  0.0466238
      0.68  0.0325776  0.0707965   0.044622
      0.69  0.0313393  0.0667678  0.0426566
       0.7  0.0294342   0.062701  0.0400618
      0.71  0.0291484  0.0621849  0.0396918
      0.72  0.0272433  0.0605536  0.0375794
      0.73  0.0269575  0.0589319  0.0369931
      0.74  0.0251476  0.0553435  0.0345817
      0.75   0.018956  0.0498008  0.0274598
      0.76   0.018956  0.0477178  0.0271333
      0.77  0.0176224   0.046875   0.025615
      0.78  0.0140979  0.0455635  0.0215332
      0.79  0.0132406  0.0455764  0.0205199
       0.8  0.0132406  0.0498534   0.020924
      0.81 0.00981139  0.0521173  0.0165139
      0.82 0.00933511  0.0509091  0.0157772
      0.83 0.00809678   0.042471  0.0136007
      0.84 0.00809678  0.0474138  0.0138316
      0.85 0.00790627  0.0422535  0.0133201
      0.86 0.00790627  0.0473684  0.0135508
      0.87 0.00390551  0.0449438 0.00718652
      0.88 0.00342922  0.0434783 0.00635705
      0.89 0.00342922  0.0457516 0.00638023
       0.9 0.00285769  0.0434783 0.00536289
      0.91 0.00285769  0.0517241 0.00541614
      0.92 0.00238141  0.0485437 0.00454009
      0.93 0.00238141  0.0657895 0.00459643
      0.94 0.00238141  0.0735294  0.0046134
      0.95 0.00238141  0.0740741 0.00461446
      0.96 0.00238141  0.0851064 0.00463317
      0.97 0.00238141      0.125 0.00467377
      0.98 0.00238141   0.173913 0.00469848
      0.99 0.00180987       0.25 0.00359372
