         0          1   0.205491   0.340925
      0.01   0.999833   0.206493   0.342293
      0.02    0.99725   0.242677   0.390361
      0.03   0.993251   0.268431   0.422641
      0.04   0.974002   0.293757   0.451379
      0.05   0.950004   0.303211     0.4597
      0.06   0.893926   0.312433   0.463032
      0.07   0.852596   0.317947    0.46317
      0.08   0.798433   0.328235   0.465219
      0.09   0.761853   0.333581   0.463998
       0.1   0.699192   0.350181   0.466648
      0.11   0.660028   0.367643   0.472242
      0.12   0.636864   0.380721   0.476554
      0.13   0.607199   0.399962    0.48226
      0.14   0.591201   0.416719   0.488858
      0.15   0.571202   0.432294   0.492134
      0.16   0.557954   0.441835   0.493151
      0.17   0.537872   0.453412   0.492044
      0.18   0.527456   0.465195   0.494373
      0.19   0.498125   0.471224   0.484302
       0.2   0.487126   0.473163   0.480043
      0.21   0.476044   0.482711   0.479354
      0.22   0.452046   0.473042   0.462305
      0.23   0.437714   0.463152   0.450074
      0.24   0.416549   0.454913   0.434886
      0.25   0.406216   0.444988   0.424719
      0.26   0.382968   0.431558   0.405814
      0.27   0.358553   0.425926   0.389347
      0.28    0.32439   0.412274   0.363089
      0.29   0.305058   0.400671   0.346387
       0.3   0.276727   0.388837    0.32334
      0.31   0.255062   0.376947   0.304252
      0.32   0.249146   0.365962   0.296462
      0.33   0.224565   0.343521   0.271588
      0.34   0.212232   0.336352   0.260251
      0.35   0.186818   0.312236   0.233767
      0.36   0.175152   0.300442   0.221294
      0.37   0.147904     0.2768   0.192793
      0.38   0.131406   0.265101   0.175713
      0.39   0.113741       0.25   0.156348
       0.4   0.103575   0.241313   0.144939
      0.41  0.0944088   0.241736   0.135787
      0.42  0.0856595   0.249412   0.127522
      0.43   0.075577     0.2525   0.116334
      0.44  0.0695775   0.263158   0.110057
      0.45  0.0669944   0.266467    0.10707
      0.46   0.055412   0.280277  0.0925304
      0.47  0.0507458   0.298113  0.0867284
      0.48  0.0507458   0.320988  0.0876368
      0.49  0.0492459   0.353774  0.0864568
       0.5   0.047996    0.39011  0.0854757
      0.51  0.0454129   0.452703  0.0825452
      0.52  0.0449129   0.484848  0.0822105
      0.53  0.0426631   0.555556   0.079241
      0.54  0.0426631   0.618557  0.0798208
      0.55  0.0401633   0.780822   0.076397
      0.56  0.0401633   0.820896  0.0765799
      0.57  0.0389134       0.85  0.0744199
      0.58  0.0379968   0.877193  0.0728386
      0.59  0.0379968   0.907407  0.0729394
       0.6  0.0377469   0.923077  0.0725279
      0.61  0.0368303   0.957447   0.070932
      0.62  0.0345805    0.97561  0.0667934
      0.63  0.0345805          1  0.0668492
      0.64  0.0337472          1   0.065291
      0.65  0.0334972          1   0.064823
      0.66  0.0306641          1  0.0595036
      0.67  0.0306641          1  0.0595036
      0.68  0.0269144          1   0.052418
      0.69  0.0254145          1  0.0495693
       0.7  0.0205816          1  0.0403331
      0.71  0.0148321          1  0.0292306
      0.72  0.0148321          1  0.0292306
      0.73  0.0148321          1  0.0292306
      0.74  0.0137489          1  0.0271248
      0.75  0.0101658          1   0.020127
      0.76 0.00774935          1  0.0153795
      0.77 0.00774935          1  0.0153795
      0.78 0.00733272          1  0.0145587
      0.79 0.00733272          1  0.0145587
       0.8 0.00733272          1  0.0145587
      0.81 0.00566619          1  0.0112685
      0.82 0.00566619          1  0.0112685
      0.83 0.00566619          1  0.0112685
      0.84 0.00566619          1  0.0112685
      0.85 0.00566619          1  0.0112685
      0.86 0.00399967          1 0.00796747
      0.87 0.00399967          1 0.00796747
      0.88 0.00399967          1 0.00796747
      0.89  0.0028331          1 0.00565019
       0.9  0.0028331          1 0.00565019
      0.91  0.0028331          1 0.00565019
      0.92  0.0028331          1 0.00565019
      0.93  0.0028331          1 0.00565019
      0.94  0.0028331          1 0.00565019
      0.95 0.00258312          1 0.00515293
      0.96 0.00258312          1 0.00515293
      0.97 0.00258312          1 0.00515293
      0.98 0.00224981          1 0.00448952
      0.99 0.00224981          1 0.00448952
