         0          1   0.364376   0.534128
      0.01          1   0.350715   0.519303
      0.02          1   0.353277   0.522106
      0.03   0.999845   0.355348   0.524343
      0.04   0.997462   0.361848   0.531048
      0.05   0.993991   0.366056   0.535065
      0.06   0.987413   0.372751   0.541198
      0.07    0.97612   0.378499   0.545482
      0.08   0.956333   0.388187   0.552221
      0.09    0.94043     0.3954   0.556726
       0.1   0.919399   0.407894   0.565086
      0.11   0.892411   0.418894   0.570158
      0.12   0.873401   0.428105   0.574576
      0.13   0.835897     0.4406   0.577042
      0.14    0.80632     0.4489   0.576723
      0.15   0.774359    0.46421   0.580453
      0.16   0.744833    0.47215   0.577942
      0.17   0.704015   0.485604   0.574759
      0.18    0.67827   0.493124   0.571065
      0.19   0.644082   0.505705   0.566566
       0.2   0.620927   0.515411    0.56327
      0.21   0.579591   0.527165   0.552136
      0.22   0.552189   0.537633   0.544814
      0.23   0.538772   0.545247    0.54199
      0.24   0.510023   0.555607    0.53184
      0.25   0.495571   0.564191   0.527659
      0.26   0.465216   0.573994   0.513912
      0.27   0.449987   0.579848    0.50673
      0.28   0.427713   0.591241   0.496355
      0.29    0.40663   0.597688   0.483986
       0.3   0.389692   0.603824   0.473682
      0.31   0.367677   0.607518   0.458104
      0.32     0.3554   0.611064   0.449416
      0.33   0.335716   0.615006   0.434338
      0.34   0.323181   0.613718   0.423401
      0.35   0.298057   0.613197   0.401135
      0.36   0.283812   0.612804    0.38795
      0.37   0.260502   0.606827   0.364521
      0.38    0.25584   0.606034   0.359793
      0.39     0.2403   0.605455    0.34405
       0.4    0.22704    0.60396   0.330019
      0.41   0.219425   0.602983   0.321761
      0.42   0.198601   0.592114   0.297439
      0.43   0.191349   0.590254   0.289008
      0.44   0.179021   0.599697   0.275731
      0.45   0.172028   0.594203   0.266811
      0.46   0.163067    0.59214   0.255713
      0.47   0.154882   0.585981   0.245006
      0.48   0.140378   0.589583   0.226764
      0.49   0.133644   0.591362   0.218018
       0.5    0.12116   0.591532   0.201125
      0.51   0.114116   0.591724   0.191332
      0.52   0.107848   0.580981   0.181925
      0.53    0.10013   0.574675   0.170544
      0.54  0.0962963   0.564685   0.164534
      0.55  0.0873867   0.564612   0.151349
      0.56  0.0814815    0.55794   0.142197
      0.57  0.0693085   0.537897   0.122795
      0.58  0.0631443   0.536585   0.112992
      0.59  0.0580161   0.550955   0.104978
       0.6  0.0527325   0.557554  0.0963521
      0.61   0.049987   0.558704   0.091764
      0.62   0.046102   0.552995  0.0851088
      0.63  0.0447034    0.53886  0.0825579
      0.64   0.027195   0.537975  0.0517729
      0.65  0.0228438   0.496063  0.0436763
      0.66  0.0220668   0.504673  0.0422847
      0.67  0.0190624   0.474227  0.0366516
      0.68   0.016835   0.481013  0.0325315
      0.69  0.0159544   0.471429  0.0308643
       0.7  0.0140896   0.440678  0.0273062
      0.71  0.0123802   0.511628  0.0241754
      0.72   0.010878   0.473684  0.0212676
      0.73 0.00932401        0.4  0.0182232
      0.74  0.0049728       0.32 0.00979342
      0.75  0.0019684   0.333333 0.00391369
      0.76  0.0018648   0.357143 0.00371023
      0.77  0.0004144   0.272727 0.000827543
      0.78  0.0004144        0.3 0.000827658
      0.79  0.0004144        0.3 0.000827658
       0.8  0.0004144        0.3 0.000827658
      0.81  0.0004144        0.3 0.000827658
      0.82  0.0004144        0.3 0.000827658
      0.83  0.0004144        0.3 0.000827658
      0.84  0.0003108   0.222222 0.000620732
      0.85  0.0003108   0.222222 0.000620732
      0.86  0.0003108   0.222222 0.000620732
      0.87  0.0003108   0.222222 0.000620732
      0.88  0.0003108   0.222222 0.000620732
      0.89 5.18001e-05      0.125 0.000103557
       0.9 5.18001e-05      0.125 0.000103557
      0.91 5.18001e-05   0.142857 0.000103563
      0.92          0          0          0
      0.93          0          0          0
      0.94          0          0          0
      0.95          0          0          0
      0.96          0          0          0
      0.97          0          0          0
      0.98          0          0          0
      0.99          0          0          0
