         0          1   0.374026   0.544424
      0.01   0.954359   0.342809   0.504426
      0.02    0.91408    0.33074    0.48573
      0.03   0.887863   0.324652   0.475452
      0.04   0.853364    0.32126   0.466791
      0.05   0.839898   0.320268   0.463714
      0.06   0.819639   0.321802   0.462155
      0.07   0.811178   0.322864   0.461888
      0.08   0.805398   0.324661   0.462775
      0.09   0.799738   0.324967   0.462146
       0.1   0.790979   0.325385   0.461091
      0.11   0.781684   0.324723   0.458838
      0.12   0.776321   0.323271   0.456464
      0.13   0.760055   0.319365    0.44975
      0.14   0.747065   0.316387   0.444518
      0.15   0.729607   0.312327    0.43741
      0.16   0.718763   0.311024   0.434172
      0.17   0.701543   0.308601   0.428646
      0.18   0.689746   0.306161   0.424083
      0.19   0.672287   0.302753   0.417494
       0.2   0.661026   0.300345   0.413027
      0.21   0.638563   0.296382   0.404855
      0.22   0.625335   0.293715   0.399696
      0.23   0.612167   0.290451   0.393975
      0.24   0.596437   0.285076   0.385768
      0.25   0.582018   0.281002   0.379013
      0.26   0.551451   0.276612   0.368421
      0.27   0.535542   0.274745   0.363174
      0.28   0.514151   0.272866   0.356522
      0.29   0.496038   0.270477    0.35007
       0.3   0.475243   0.268579   0.343201
      0.31   0.453256   0.265192    0.33461
      0.32   0.437586   0.260958   0.326942
      0.33   0.418519   0.259777   0.320573
      0.34   0.410832    0.25766   0.316698
      0.35     0.3811   0.252998   0.304109
      0.36   0.371626   0.252026   0.300358
      0.37   0.356968   0.252311   0.295651
      0.38    0.33528   0.252366   0.287974
      0.39   0.309122   0.253085   0.278311
       0.4   0.297623   0.256159   0.275338
      0.41   0.279211   0.258724   0.268577
      0.42   0.263183   0.261767   0.262473
      0.43   0.251087   0.263624   0.257203
      0.44    0.23214   0.266408   0.248096
      0.45     0.2207   0.270305   0.242996
      0.46   0.209736   0.269819   0.236014
      0.47   0.197402   0.272589   0.228981
      0.48   0.187273   0.280981    0.22475
      0.49    0.18334    0.28618   0.223497
       0.5    0.16618   0.296414   0.212965
      0.51   0.155693   0.305024   0.206158
      0.52   0.152357   0.307593   0.203778
      0.53   0.140916   0.316667    0.19504
      0.54   0.133111   0.322047   0.188365
      0.55   0.123577    0.33481   0.180524
      0.56   0.116785   0.336893   0.173445
      0.57   0.107847     0.3534   0.165262
      0.58   0.103915   0.360595   0.161336
      0.59  0.0977179   0.376045   0.155125
       0.6  0.0947387   0.388218   0.152309
      0.61  0.0860394   0.405694    0.14197
      0.62  0.0850265   0.427673   0.141851
      0.63  0.0825836   0.434091   0.138767
      0.64  0.0760889   0.467018   0.130858
      0.65  0.0704284   0.457726   0.122074
      0.66  0.0672109   0.501779   0.118543
      0.67  0.0624441   0.501916    0.11107
      0.68  0.0572007   0.534247   0.103337
      0.69  0.0544599   0.547264  0.0990618
       0.7  0.0508848   0.569767   0.093426
      0.71  0.0408747   0.568345  0.0762645
      0.72  0.0391468   0.587302  0.0734009
      0.73  0.0366442    0.62037  0.0692009
      0.74  0.0333075   0.602041  0.0631228
      0.75  0.0308646   0.619048  0.0587976
      0.76  0.0278854   0.653333  0.0534878
      0.77  0.0224036    0.66129   0.043339
      0.78  0.0203182   0.698113  0.0394871
      0.79  0.0184115   0.772727   0.035966
       0.8  0.0141214   0.852941  0.0277829
      0.81  0.0138235   0.870968  0.0272151
      0.82  0.0138235   0.862069  0.0272107
      0.83   0.012751   0.833333  0.0251177
      0.84 0.00977179   0.764706   0.019297
      0.85 0.00863969   0.846154  0.0171047
      0.86 0.00709051   0.888889  0.0140688
      0.87 0.00679259      0.875  0.0134805
      0.88 0.00506465   0.857143  0.0100698
      0.89 0.00506465          1  0.0100783
       0.9 0.00506465          1  0.0100783
      0.91  0.0022642          1 0.00451816
      0.92  0.0022642          1 0.00451816
      0.93 0.00208544          1 0.00416221
      0.94 0.00208544          1 0.00416221
      0.95 0.00208544          1 0.00416221
      0.96 0.00172794          1 0.00344992
      0.97 0.00172794          1 0.00344992
      0.98 0.00172794          1 0.00344992
      0.99 0.00172794          1 0.00344992
