         0          1   0.176767   0.300428
      0.01   0.999777   0.157022   0.271417
      0.02   0.994556   0.180011   0.304846
      0.03    0.98996   0.182535   0.308235
      0.04   0.986658   0.187387   0.314958
      0.05   0.984293    0.19015   0.318727
      0.06   0.982107   0.194622   0.324866
      0.07   0.980991   0.197625   0.328976
      0.08   0.958101   0.199474   0.330202
      0.09   0.938378   0.201058    0.33116
       0.1   0.907278   0.205399   0.334965
      0.11   0.886886   0.209519   0.338962
      0.12   0.870153   0.210097   0.338471
      0.13   0.833965   0.212084   0.338169
      0.14   0.814868    0.21403   0.339015
      0.15   0.798492   0.215775   0.339742
      0.16    0.79345   0.219867   0.344321
      0.17   0.786712   0.226127   0.351284
      0.18   0.781134   0.232281   0.358082
      0.19   0.774709    0.24547   0.372812
       0.2   0.771942   0.250862   0.378667
      0.21   0.765472   0.260441    0.38865
      0.22   0.761903   0.268495   0.397065
      0.23   0.760787   0.274856    0.40382
      0.24   0.759047   0.285089   0.414497
      0.25   0.756727   0.292061   0.421459
      0.26   0.754139   0.303406   0.432719
      0.27   0.748516     0.3088   0.437224
      0.28   0.746687   0.319428   0.447442
      0.29   0.746419    0.32638    0.45417
       0.3   0.744813    0.33673   0.463783
      0.31   0.743206   0.346823   0.472943
      0.32   0.742805   0.354747   0.480174
      0.33   0.740797   0.367046   0.490876
      0.34   0.740663   0.376759   0.499455
      0.35   0.739369   0.387045   0.508106
      0.36   0.737316   0.393983   0.513552
      0.37   0.735889   0.409101   0.525861
      0.38   0.734818   0.417307   0.532311
      0.39   0.731739   0.432128    0.54337
       0.4   0.729195   0.439338   0.548317
      0.41   0.726697   0.450704   0.556353
      0.42    0.71456   0.463616   0.562363
      0.43   0.709384   0.469986   0.565387
      0.44   0.699567   0.474992   0.565811
      0.45   0.675561   0.475103   0.557871
      0.46    0.65691   0.478997   0.554021
      0.47   0.645219   0.480524   0.550824
      0.48   0.610905    0.48786   0.542493
      0.49   0.576012   0.489191   0.529063
       0.5   0.556602   0.493157   0.522962
      0.51   0.529472    0.49429   0.511276
      0.52   0.520325   0.495714   0.507722
      0.53   0.500156   0.498483   0.499318
      0.54   0.485967   0.501597   0.493658
      0.55   0.467806   0.498575   0.482701
      0.56   0.452903   0.496424   0.473666
      0.57     0.4214   0.497426   0.456268
      0.58   0.408103   0.498654   0.448857
      0.59   0.389095   0.496429   0.436257
       0.6   0.364732   0.493614   0.419497
      0.61   0.351568   0.494711   0.411034
      0.62   0.335282    0.49416   0.399504
      0.63   0.322342    0.49422   0.390191
      0.64   0.290973   0.503289   0.368754
      0.65   0.281647   0.502315   0.360925
      0.66   0.236669    0.48625   0.318377
      0.67    0.22895   0.470277   0.307969
      0.68   0.211771   0.441389   0.286219
      0.69   0.201017   0.415123    0.27087
       0.7   0.170006   0.366438   0.232258
      0.71   0.138459   0.315888   0.192529
      0.72   0.115479   0.272177   0.162158
      0.73  0.0948195   0.229935    0.13427
      0.74  0.0922761   0.217002   0.129489
      0.75  0.0697425   0.181384   0.100747
      0.76  0.0556869   0.157107   0.082228
      0.77  0.0417206   0.119363    0.06183
      0.78  0.0342689  0.0983607  0.0508289
      0.79  0.0213734       0.08  0.0337342
       0.8  0.0150819  0.0724638  0.0249673
      0.81   0.014011  0.0674487  0.0232022
      0.82 0.00905805  0.0607903  0.0157668
      0.83 0.00870108  0.0595611   0.015184
      0.84 0.00446209  0.0519481 0.00821828
      0.85 0.00406051  0.0505051 0.00751669
      0.86 0.000758556  0.0486111  0.0014938
      0.87 0.000669314  0.0474453 0.00132001
      0.88 0.000669314  0.0496183 0.00132081
      0.89 0.000669314  0.0524194 0.00132175
       0.9 0.000669314  0.0548523 0.00132249
      0.91 0.000624693  0.0495495 0.00123383
      0.92 0.000624693   0.052381 0.00123466
      0.93 0.000624693  0.0582011 0.00123612
      0.94 0.000580072  0.0574713 0.00114855
      0.95 0.00049083  0.0583942 0.000973478
      0.96 0.000446209  0.0512821 0.000884721
      0.97 0.000178484  0.0263158 0.000354563
      0.98          0          0          0
      0.99          0          0          0
