         0          1   0.384732   0.555677
      0.01   0.999943   0.373571   0.543932
      0.02   0.998167   0.376184   0.546432
      0.03   0.996334   0.381825   0.552078
      0.04   0.989688   0.394968    0.56461
      0.05   0.946666   0.403197   0.565528
      0.06   0.899863    0.41736    0.57024
      0.07   0.890811   0.427114   0.577389
      0.08   0.875573   0.444018   0.589228
      0.09   0.864746   0.455288   0.596513
       0.1   0.843607   0.469675   0.603406
      0.11   0.815479   0.487747   0.610404
      0.12   0.792392   0.497493   0.611232
      0.13   0.751776   0.513039   0.609877
      0.14   0.724278   0.518812   0.604565
      0.15   0.688302   0.528265   0.597757
      0.16   0.652727    0.53517   0.588132
      0.17   0.611709   0.539778   0.573497
      0.18   0.584269   0.540131   0.561334
      0.19   0.539872    0.54164   0.540755
       0.2   0.513176   0.542379   0.527373
      0.21   0.471127   0.540658   0.503503
      0.22   0.433719   0.539089   0.480697
      0.23   0.407081   0.533665   0.461856
      0.24   0.367954    0.53305   0.435376
      0.25   0.335186    0.52604   0.409465
      0.26   0.302876     0.5215   0.383198
      0.27   0.284659   0.510443   0.365493
      0.28   0.260713   0.507499   0.344466
      0.29    0.24788   0.502588   0.332011
       0.3   0.228632   0.497382   0.313265
      0.31   0.203884   0.484737   0.287038
      0.32   0.185037   0.472081   0.265865
      0.33   0.174439   0.463786   0.253523
      0.34   0.162294   0.452442   0.238895
      0.35   0.152039   0.436718   0.225554
      0.36   0.137546   0.427213   0.208094
      0.37   0.130213   0.417514   0.198514
      0.38   0.123854   0.408576   0.190086
      0.39   0.114115   0.391973   0.176768
       0.4    0.10896   0.380232   0.169381
      0.41   0.100481   0.372381   0.158259
      0.42  0.0938359   0.361768   0.149019
      0.43  0.0882218   0.348352   0.140788
      0.44  0.0786549   0.331765   0.127162
      0.45   0.076077   0.312958     0.1224
      0.46  0.0596929   0.284427  0.0986766
      0.47  0.0589482   0.270916  0.0968278
      0.48  0.0560839   0.251381  0.0917075
      0.49  0.0483501   0.238764  0.0804159
       0.5  0.0457722   0.218475  0.0756874
      0.51  0.0391269   0.196319  0.0652495
      0.52  0.0350596   0.181388  0.0587615
      0.53  0.0332264   0.164782  0.0553018
      0.54  0.0296173   0.158497  0.0499085
      0.55  0.0296173   0.153078  0.0496319
      0.56  0.0269821   0.134583   0.044952
      0.57  0.0194775   0.128472  0.0338267
      0.58  0.0194775   0.125436  0.0337192
      0.59  0.0186182   0.117958  0.0321603
       0.6  0.0173579   0.115658  0.0301856
      0.61  0.0131187   0.106306  0.0233552
      0.62  0.0114001        0.1  0.0204669
      0.63  0.0106554  0.0934066  0.0191286
      0.64  0.0106554  0.0836431  0.0189027
      0.65  0.0103116   0.076779  0.0181815
      0.66 0.00824931  0.0698113  0.0147551
      0.67 0.00779102  0.0575816   0.013725
      0.68 0.00423923  0.0505837 0.00782286
      0.69 0.00423923  0.0491159 0.00780482
       0.7 0.00418194  0.0378486  0.0075317
      0.71 0.00401008  0.0321285 0.00713022
      0.72 0.00378093  0.0282828 0.00667018
      0.73 0.00343721  0.0264228  0.0060831
      0.74 0.00337993   0.022449 0.00587527
      0.75 0.00286434  0.0164271 0.00487811
      0.76 0.00269248  0.0103306 0.00427164
      0.77  0.0021769 0.00622407 0.00322562
      0.78  0.0021769 0.00623701 0.00322736
      0.79 0.00189047 0.00416667 0.00260088
       0.8 0.00189047 0.00416667 0.00260088
      0.81 0.00189047 0.00416667 0.00260088
      0.82 0.00189047 0.00416667 0.00260088
      0.83 0.00189047 0.00417537 0.00260257
      0.84 0.00166132 0.00209644 0.00185369
      0.85          0          0          0
      0.86          0          0          0
      0.87          0          0          0
      0.88          0          0          0
      0.89          0          0          0
       0.9          0          0          0
      0.91          0          0          0
      0.92          0          0          0
      0.93          0          0          0
      0.94          0          0          0
      0.95          0          0          0
      0.96          0          0          0
      0.97          0          0          0
      0.98          0          0          0
      0.99          0          0          0
