         0          1   0.289124   0.448559
      0.01   0.990303    0.26397   0.416832
      0.02   0.989624   0.289616   0.448095
      0.03   0.986811   0.303679   0.464434
      0.04   0.984727   0.321611   0.484865
      0.05   0.979151   0.332526   0.496453
      0.06   0.969308   0.348577   0.512759
      0.07   0.962035   0.358902   0.522774
      0.08   0.947343   0.374608   0.536906
      0.09   0.938179   0.385216   0.546174
       0.1   0.922227   0.398372   0.556398
      0.11   0.914178   0.414866   0.570728
      0.12   0.906953   0.427089   0.580716
      0.13   0.890661   0.447752   0.595923
      0.14   0.882516   0.458934   0.603849
      0.15   0.873351   0.476285   0.616409
      0.16   0.862878    0.48826   0.623636
      0.17   0.846587   0.509525   0.636167
      0.18   0.840865   0.526464   0.647518
      0.19   0.817009   0.549326   0.656946
       0.2   0.796208   0.565881    0.66157
      0.21   0.772644    0.58103   0.663275
      0.22   0.748885   0.595613   0.663512
      0.23   0.741175   0.600981   0.663756
      0.24   0.728763    0.60802   0.662939
      0.25   0.725708   0.615128   0.665858
      0.26   0.705246     0.6205   0.660164
      0.27   0.694337   0.625568   0.658161
      0.28   0.676348   0.635015    0.65503
      0.29   0.666699   0.641245   0.653724
       0.3   0.652347    0.64751   0.649919
      0.31    0.63974   0.653667   0.646629
      0.32   0.629606   0.659034   0.643984
      0.33    0.60992   0.663096   0.635398
      0.34   0.599544   0.664985   0.630571
      0.35   0.577143   0.666486   0.618605
      0.36   0.558233   0.671237   0.609542
      0.37   0.530014   0.671851   0.592563
      0.38   0.509407   0.670584   0.578988
      0.39   0.477793    0.66712   0.556803
       0.4   0.455537   0.670144   0.542384
      0.41   0.437888   0.674971   0.531175
      0.42   0.412287   0.679886   0.513303
      0.43   0.399438   0.686503   0.505028
      0.44   0.380188   0.688222     0.4898
      0.45   0.361375   0.686834   0.473579
      0.46   0.334222   0.682415   0.448692
      0.47   0.327531   0.679318   0.441968
      0.48   0.306536   0.665279   0.419693
      0.49   0.287384   0.660188   0.400449
       0.5   0.268183   0.670816   0.383177
      0.51   0.253152   0.667414   0.367072
      0.52   0.239915   0.668526   0.353109
      0.53   0.208253   0.655327   0.316065
      0.54   0.189294   0.646609   0.292855
      0.55   0.162384   0.628192    0.25806
      0.56   0.151716   0.614316   0.243337
      0.57   0.128006   0.595322   0.210706
      0.58   0.115497   0.577396   0.192489
      0.59  0.0976532   0.548257   0.165779
       0.6  0.0910105   0.522727   0.155029
      0.61  0.0781129   0.485133    0.13456
      0.62  0.0656517   0.441281   0.114299
      0.63  0.0521722   0.403883  0.0924076
      0.64  0.0438324   0.368201   0.078339
      0.65   0.035929   0.336283  0.0649217
      0.66  0.0256982   0.269802  0.0469267
      0.67   0.020995   0.228117   0.038451
      0.68  0.0159038   0.175287  0.0291618
      0.69  0.0111036   0.129231  0.0204501
       0.7 0.00921257   0.103226  0.0169155
      0.71 0.00732157  0.0833333  0.0134605
      0.72 0.00509116  0.0486111 0.00921699
      0.73 0.000436385  0.0424028 0.000863879
      0.74 0.000436385  0.0425532 0.00086391
      0.75 0.000436385  0.0465116 0.000864657
      0.76 0.000436385      0.048 0.000864906
      0.77 0.000436385       0.05 0.000865218
      0.78 0.000436385    0.04329 0.000864059
      0.79 0.000436385  0.0403587 0.000863434
       0.8 0.000436385  0.0366972 0.000862513
      0.81 0.000436385  0.0333333 0.000861491
      0.82 0.000436385  0.0307692 0.000860565
      0.83 0.000387898  0.0285714 0.000765404
      0.84 0.000387898  0.0295858 0.000765755
      0.85 0.000290923  0.0243902 0.000574988
      0.86 4.84872e-05 0.00657895 9.62649e-05
      0.87          0          0          0
      0.88          0          0          0
      0.89          0          0          0
       0.9          0          0          0
      0.91          0          0          0
      0.92          0          0          0
      0.93          0          0          0
      0.94          0          0          0
      0.95          0          0          0
      0.96          0          0          0
      0.97          0          0          0
      0.98          0          0          0
      0.99          0          0          0
