         0          1   0.354609   0.523559
      0.01   0.999799   0.319573   0.484334
      0.02   0.999598   0.325131   0.490667
      0.03   0.997988     0.3307   0.496782
      0.04   0.995975   0.340763   0.507791
      0.05   0.992151   0.346806   0.513958
      0.06   0.986959   0.356113   0.523381
      0.07   0.977662   0.362294   0.528676
      0.08   0.969209   0.370946   0.536541
      0.09   0.963816   0.375699   0.540651
       0.1   0.957335   0.384007   0.548143
      0.11   0.947837   0.391068   0.553689
      0.12   0.938338   0.396496   0.557443
      0.13   0.924371    0.40549   0.563702
      0.14   0.914671   0.411923   0.568032
      0.15   0.897887   0.420054   0.572349
      0.16   0.882673   0.426009   0.574665
      0.17    0.85164   0.435271   0.576099
      0.18    0.83707   0.441018    0.57768
      0.19   0.811914   0.451849   0.580587
       0.2   0.797867   0.456413   0.580663
      0.21   0.777702   0.463813   0.581078
      0.22   0.744898   0.471668     0.5776
      0.23   0.726384    0.47561   0.574837
      0.24   0.702033   0.481739   0.571388
      0.25   0.687422   0.486779   0.569958
      0.26   0.663957   0.496575   0.568195
      0.27   0.649789   0.501629   0.566177
      0.28   0.627812   0.505255   0.559906
      0.29    0.60487   0.510195   0.553513
       0.3   0.589736   0.519791   0.552559
      0.31   0.563131   0.523516   0.542602
      0.32   0.540672   0.527495   0.534002
      0.33   0.518092   0.533917   0.525885
      0.34   0.506259   0.538173   0.521728
      0.35   0.474743   0.544866   0.507393
      0.36    0.45808   0.547608   0.498859
      0.37   0.439042    0.54709   0.487147
      0.38   0.428336   0.554192   0.483203
      0.39    0.40974    0.55953   0.473061
       0.4   0.401087   0.562208   0.468173
      0.41   0.385872   0.571743   0.460769
      0.42   0.370215   0.577236   0.451108
      0.43   0.358543   0.581864   0.443687
      0.44    0.34361    0.58467    0.43284
      0.45   0.334353   0.585833   0.425729
      0.46   0.311089    0.58011   0.404996
      0.47   0.303321   0.575965   0.397373
      0.48   0.283478   0.555496   0.375389
      0.49   0.263192   0.544824   0.354927
       0.5   0.236345   0.515707   0.324139
      0.51   0.203421    0.48876   0.287278
      0.52    0.19199   0.475825    0.27359
      0.53   0.163413   0.448911   0.239605
      0.54   0.142644   0.421622   0.213169
      0.55   0.113463   0.391813   0.175969
      0.56    0.10167   0.374108   0.159888
      0.57   0.086134   0.344298   0.137795
      0.58  0.0778024   0.324943   0.125545
      0.59  0.0581203   0.297164  0.0972251
       0.6  0.0532904   0.290862  0.0900773
      0.61  0.0485007   0.273713  0.0824004
      0.62  0.0426645   0.258772  0.0732518
      0.63  0.0382773    0.24037  0.0660384
      0.64  0.0338901   0.225424  0.0589219
      0.65  0.0280539    0.20708  0.0494136
      0.66  0.0250352   0.194805  0.0443685
      0.67  0.0205273   0.187856  0.0370104
      0.68   0.018716   0.171937  0.0337574
      0.69  0.0161803   0.164659  0.0294652
       0.7  0.0156168   0.160896  0.0284703
      0.71  0.0126786   0.154812  0.0234377
      0.72  0.0122761   0.151064   0.022707
      0.73  0.0100624   0.143488   0.018806
      0.74 0.00913665   0.142534  0.0171725
      0.75 0.00809016   0.142518  0.0153112
      0.76 0.00796941   0.143204  0.0150986
      0.77 0.00756691   0.141772   0.014367
      0.78 0.00712417   0.141361  0.0135647
      0.79 0.00519219   0.142458  0.0100192
       0.8 0.00511169   0.139601 0.00986226
      0.81  0.0048702   0.143713 0.00942112
      0.82 0.00482995   0.148734 0.00935607
      0.83 0.00482995   0.151613 0.00936166
      0.84 0.00402495   0.156463 0.00784802
      0.85 0.00378346   0.158845 0.00739087
      0.86 0.00354196    0.16092 0.00693136
      0.87 0.00354196   0.164706 0.00693479
      0.88 0.00350171   0.170833 0.00686275
      0.89 0.00350171   0.179039 0.00686907
       0.9 0.00350171   0.188073 0.00687541
      0.91 0.00309922   0.181818 0.00609454
      0.92 0.00309922   0.183575 0.00609552
      0.93 0.00293822   0.181818 0.00578298
      0.94 0.00269672   0.182292 0.00531481
      0.95 0.00257597   0.185792 0.00508149
      0.96 0.00221373   0.179191 0.00437342
      0.97 0.00181123   0.166667 0.00358352
      0.98 0.00152948   0.151724 0.00302844
      0.99 0.000643993   0.148936 0.00128244
