         0          1   0.363236   0.532903
      0.01          1   0.352225   0.520956
      0.02          1   0.352317   0.521057
      0.03          1   0.352586   0.521351
      0.04          1    0.35336   0.522197
      0.05          1   0.354236   0.523152
      0.06   0.999914   0.355032   0.524009
      0.07   0.999699    0.35564   0.524641
      0.08   0.998881    0.35662   0.525593
      0.09   0.997417   0.356267   0.525007
       0.1   0.988806    0.35707   0.524674
      0.11   0.975588   0.356358   0.522031
      0.12   0.956557   0.356072   0.518964
      0.13   0.921769   0.355405    0.51301
      0.14    0.89262   0.356144   0.509146
      0.15   0.837983   0.358989   0.502646
      0.16   0.811763   0.359835   0.498636
      0.17   0.757599   0.363784    0.49154
      0.18    0.71773   0.367666   0.486246
      0.19   0.658874   0.373723   0.476927
       0.2    0.63472    0.37772   0.473601
      0.21   0.591234   0.384835   0.466212
      0.22   0.554938    0.39287   0.460048
      0.23    0.53763   0.398856   0.457961
      0.24   0.515543    0.40752   0.455211
      0.25   0.487514   0.412792   0.447052
      0.26   0.460174   0.420562   0.439477
      0.27   0.437139   0.423856   0.430395
      0.28   0.413976   0.428725   0.421221
      0.29   0.399552   0.433888   0.416013
       0.3    0.37514   0.441199   0.405497
      0.31    0.35908   0.449397   0.399194
      0.32    0.34681   0.453139   0.392908
      0.33   0.325626   0.458333   0.380748
      0.34   0.312581   0.461251   0.372634
      0.35   0.292732   0.461284   0.358169
      0.36   0.283432   0.462188   0.351383
      0.37   0.257685   0.458983   0.330064
      0.38   0.245931   0.453503   0.318917
      0.39   0.229054    0.45009   0.303602
       0.4   0.219237   0.451687   0.295195
      0.41   0.209291   0.449058   0.285514
      0.42    0.19969   0.437312   0.274181
      0.43   0.194609   0.432029   0.268343
      0.44    0.17588   0.423784    0.24859
      0.45   0.161026   0.419069   0.232655
      0.46   0.155989   0.421022   0.227638
      0.47   0.150263   0.416131   0.220797
      0.48   0.136916   0.409229   0.205183
      0.49   0.128089   0.403498   0.194451
       0.5   0.116809   0.398565   0.180668
      0.51   0.109963   0.397959   0.172313
      0.52   0.104624   0.399291   0.165804
      0.53   0.097477   0.396437   0.156479
      0.54  0.0954964    0.39627   0.153904
      0.55  0.0849479    0.39701   0.139951
      0.56  0.0798243   0.396491   0.132894
      0.57  0.0725911    0.39603   0.122693
      0.58  0.0634634    0.39662   0.109419
      0.59  0.0582106   0.401919   0.101693
       0.6  0.0533023   0.399781  0.0940633
      0.61   0.048351   0.398844  0.0862465
      0.62  0.0454663   0.395683  0.0815608
      0.63  0.0420219   0.394866    0.07596
      0.64  0.0396108   0.396203  0.0720212
      0.65  0.0396108   0.398718  0.0720625
      0.66  0.0373289   0.397849  0.0682537
      0.67  0.0372427   0.402759  0.0681809
      0.68  0.0322053   0.394326  0.0595473
      0.69  0.0300525   0.390351  0.0558084
       0.7  0.0270817    0.38253  0.0505824
      0.71  0.0267373   0.386792  0.0500171
      0.72  0.0266942   0.392283  0.0499869
      0.73  0.0262206   0.393635  0.0491662
      0.74  0.0260914   0.393836  0.0489406
      0.75  0.0235942     0.3879  0.0444828
      0.76  0.0233359   0.387978  0.0440239
      0.77  0.0229484   0.383302  0.0433042
      0.78   0.021829   0.383268  0.0413054
      0.79  0.0211401   0.381443    0.04006
       0.8  0.0201929   0.378788  0.0383418
      0.81  0.0198054   0.384091  0.0376684
      0.82  0.0196762   0.386417  0.0374457
      0.83  0.0190735   0.383495  0.0363395
      0.84   0.018686   0.374684  0.0355967
      0.85  0.0183846    0.36911  0.0350246
      0.86  0.0178679   0.357143  0.0340331
      0.87  0.0176957   0.358757  0.0337278
      0.88  0.0164901   0.358896  0.0315315
      0.89  0.0157582   0.361842  0.0302011
       0.9   0.014811   0.378277  0.0285059
      0.91  0.0128304   0.390135  0.0248439
      0.92   0.012443   0.408602  0.0241505
      0.93 0.00934298   0.395522  0.0182547
      0.94 0.00611384   0.346939  0.0120159
      0.95 0.00546801   0.343284  0.0107646
      0.96 0.00490829   0.333333 0.00967413
      0.97 0.00266942        0.2 0.00526852
      0.98  0.0012486   0.235294 0.00248402
      0.99 0.00099027       0.25 0.00197272
