         0          1   0.164811   0.282983
      0.01          1   0.151194   0.262673
      0.02   0.999619   0.152808   0.265092
      0.03   0.999143   0.154167   0.267118
      0.04   0.999143   0.158205   0.273158
      0.05   0.998762   0.162678   0.279784
      0.06   0.997714   0.170053   0.290578
      0.07   0.995999   0.175115    0.29786
      0.08   0.991998   0.185133   0.312033
      0.09   0.986663    0.19169   0.321013
       0.1   0.976851   0.202428   0.335361
      0.11    0.95856   0.213233   0.348862
      0.12   0.940078   0.221375   0.358361
      0.13   0.899781   0.230506   0.366995
      0.14     0.8833   0.234306   0.370367
      0.15   0.851196   0.237848   0.371804
      0.16   0.815662   0.239676   0.370487
      0.17   0.760312   0.243304   0.368641
      0.18   0.740974   0.247942   0.371555
      0.19   0.686101   0.248636      0.365
       0.2   0.659712   0.248783   0.361313
      0.21   0.627417   0.248976   0.356488
      0.22   0.571878   0.245001   0.343039
      0.23   0.543489    0.24013    0.33309
      0.24   0.502525   0.231573   0.317045
      0.25    0.46137   0.224809   0.302312
      0.26   0.433171   0.219993   0.291794
      0.27   0.407354   0.207816   0.275224
      0.28   0.356102   0.192885   0.250231
      0.29   0.345432   0.184502   0.240531
       0.3   0.318091   0.172414    0.22362
      0.31   0.306087   0.160665   0.210722
      0.32   0.283033   0.152559   0.198255
      0.33   0.264361   0.141629   0.184444
      0.34   0.248357   0.134696   0.174663
      0.35   0.229399   0.127253   0.163698
      0.36   0.207583   0.122965   0.154443
      0.37   0.198628   0.119089   0.148903
      0.38   0.172525    0.11403   0.137307
      0.39   0.151758   0.106808   0.125376
       0.4   0.141755   0.105163   0.120747
      0.41   0.129942   0.099272   0.112555
      0.42   0.119082  0.0922761   0.103979
      0.43   0.110984  0.0860367  0.0969309
      0.44  0.0938363  0.0827179   0.087927
      0.45    0.07002  0.0793893  0.0744109
      0.46  0.0632562  0.0768615  0.0693983
      0.47  0.0622082  0.0790349  0.0696193
      0.48  0.0604935  0.0809859  0.0692556
      0.49  0.0589692  0.0820896  0.0686346
       0.5  0.0569687  0.0836694  0.0677844
      0.51  0.0498238  0.0818278  0.0619358
      0.52  0.0474421  0.0821468  0.0601474
      0.53  0.0409641  0.0802752  0.0542465
      0.54  0.0383919  0.0753589  0.0508686
      0.55  0.0178146  0.0704403  0.0284373
      0.56 0.00952653  0.0718016  0.0168212
      0.57  0.0090502  0.0724044  0.0160893
      0.58  0.0090502  0.0740223  0.0161285
      0.59  0.0090502  0.0777126  0.0162124
       0.6  0.0043822  0.0780781 0.00829864
      0.61  0.0043822  0.0813772 0.00831656
      0.62 0.00419167  0.0836066 0.00798311
      0.63 0.00419167  0.0857143 0.00799249
      0.64 0.00390588   0.084048 0.00746485
      0.65 0.00390588  0.0837696 0.00746375
      0.66 0.00390588  0.0831858 0.00746142
      0.67 0.00381061  0.0774775 0.00726396
      0.68 0.00381061  0.0802239 0.00727563
      0.69 0.00371535  0.0801527 0.00710152
       0.7 0.00371535  0.0831643 0.00711293
      0.71 0.00371535  0.0852878 0.00712051
      0.72 0.00362008  0.0872483 0.00695172
      0.73 0.00362008  0.0870588 0.00695112
      0.74 0.00362008  0.0929648  0.0069688
      0.75 0.00362008  0.0949721 0.00697432
      0.76 0.00362008  0.0985075 0.00698352
      0.77 0.00342955   0.100334  0.0066324
      0.78 0.00342955  0.0982456 0.00662774
      0.79 0.00342955   0.104418 0.00664098
       0.8 0.00266743   0.108108  0.0052064
      0.81 0.00266743  0.0837696 0.00517023
      0.82 0.00133371  0.0769231 0.00262197
      0.83 0.00123845  0.0780142 0.00243819
      0.84 0.00123845  0.0833333 0.00244063
      0.85 0.00123845  0.0813008 0.00243973
      0.86 0.00114318       0.09 0.00225769
      0.87 0.00114318   0.091954 0.00225829
      0.88 0.00104792   0.057971 0.00205862
      0.89 0.000476327  0.0491803 0.000943515
       0.9 0.000476327  0.0217391 0.000932227
      0.91          0          0          0
      0.92          0          0          0
      0.93          0          0          0
      0.94          0          0          0
      0.95          0          0          0
      0.96          0          0          0
      0.97          0          0          0
      0.98          0          0          0
      0.99          0          0          0
