         0          1   0.317058   0.481463
      0.01   0.999706   0.289244   0.448674
      0.02   0.996231   0.296237   0.456677
      0.03   0.993881   0.303665   0.465197
      0.04   0.991287   0.314293   0.477266
      0.05   0.986343   0.319787   0.482984
      0.06   0.976014   0.327016   0.489892
      0.07   0.962798    0.33084   0.492459
      0.08   0.941847    0.33697   0.496356
      0.09   0.926673   0.339433   0.496868
       0.1   0.903862   0.342657   0.496927
      0.11   0.871604   0.348902   0.498326
      0.12   0.857555   0.352556   0.499684
      0.13   0.831025   0.353176   0.495689
      0.14   0.811542   0.353615   0.492592
      0.15    0.77948   0.356487    0.48923
      0.16    0.76132   0.357232   0.486286
      0.17   0.738411   0.361516   0.485391
      0.18   0.722062    0.36684   0.486511
      0.19   0.698517   0.370166   0.483899
       0.2   0.684174    0.37434   0.483912
      0.21   0.666797   0.378836   0.483165
      0.22   0.649665   0.384514   0.483099
      0.23   0.626267   0.386242   0.477804
      0.24   0.603309   0.391727   0.475023
      0.25   0.584316   0.390302   0.467998
      0.26   0.557198   0.393172    0.46103
      0.27   0.542366   0.396677    0.45822
      0.28   0.515199   0.398272   0.449252
      0.29   0.502129   0.399374   0.444896
       0.3   0.471829   0.400113   0.433022
      0.31   0.440354   0.398773   0.418533
      0.32   0.426012        0.4   0.412596
      0.33    0.39718   0.399018   0.398097
      0.34   0.379461   0.398739   0.388861
      0.35   0.353223   0.400081   0.375195
      0.36   0.341769   0.405117   0.370757
      0.37   0.317343   0.400648   0.354163
      0.38   0.296931    0.40198   0.341561
      0.39   0.282001   0.399146     0.3305
       0.4   0.270938   0.394944   0.321394
      0.41   0.256645   0.387743   0.308858
      0.42   0.229722   0.376316    0.28529
      0.43   0.212688   0.366551   0.269184
      0.44   0.199129   0.358377   0.256009
      0.45   0.183171   0.350877   0.240692
      0.46   0.172402   0.346354   0.230213
      0.47   0.163004   0.337912   0.219921
      0.48   0.148319   0.331361   0.204916
      0.49   0.140927   0.319127   0.195515
       0.5   0.125116   0.305962   0.177605
      0.51   0.112732   0.290712   0.162464
      0.52   0.104998   0.287327   0.153795
      0.53  0.0976063   0.275401   0.144131
      0.54  0.0927113   0.261111   0.136837
      0.55  0.0880121   0.244083   0.129374
      0.56   0.083215   0.239264   0.123483
      0.57  0.0785158   0.226601   0.116623
      0.58   0.071467   0.214408   0.107201
      0.59   0.060747   0.205455  0.0937691
       0.6  0.0492437    0.18618  0.0778868
      0.61  0.0474326   0.179226  0.0750128
      0.62  0.0456704   0.176724  0.0725832
      0.63   0.044055   0.171492  0.0701015
      0.64  0.0398943   0.165899   0.064321
      0.65  0.0318175   0.152174  0.0526307
      0.66  0.0251603   0.136126  0.0424707
      0.67  0.0242303   0.136364  0.0411488
      0.68  0.0235939   0.129944  0.0399365
      0.69  0.0216359   0.129794  0.0370892
       0.7  0.0188947      0.125  0.0328273
      0.71  0.0165941   0.111111  0.0288756
      0.72  0.0161046  0.0950704  0.0275434
      0.73  0.0136571  0.0804598  0.0233506
      0.74  0.0133634  0.0766129  0.0227572
      0.75   0.011797  0.0641026  0.0199267
      0.76  0.0105243  0.0456621  0.0171059
      0.77 0.00572715   0.019802 0.00888467
      0.78 0.00327965  0.0104167 0.00498865
      0.79          0          0          0
       0.8          0          0          0
      0.81          0          0          0
      0.82          0          0          0
      0.83          0          0          0
      0.84          0          0          0
      0.85          0          0          0
      0.86          0          0          0
      0.87          0          0          0
      0.88          0          0          0
      0.89          0          0          0
       0.9          0          0          0
      0.91          0          0          0
      0.92          0          0          0
      0.93          0          0          0
      0.94          0          0          0
      0.95          0          0          0
      0.96          0          0          0
      0.97          0          0          0
      0.98          0          0          0
      0.99          0          0          0
