         0          1    0.28722   0.446264
      0.01   0.999847   0.276324   0.432985
      0.02   0.996886   0.290362   0.449731
      0.03   0.991832   0.300767   0.461567
      0.04   0.983154   0.314171   0.476178
      0.05   0.978304   0.320488   0.482809
      0.06   0.965899   0.329067   0.490894
      0.07   0.957885   0.334042   0.495343
      0.08   0.944305   0.342239   0.502397
      0.09    0.93721   0.345901   0.505306
       0.1   0.922559   0.353162    0.51079
      0.11   0.911991   0.357429   0.513576
      0.12   0.905457   0.359569   0.514732
      0.13   0.894328   0.361767    0.51515
      0.14   0.887182   0.363421   0.515624
      0.15   0.870233   0.364959   0.514251
      0.16   0.861147   0.366082    0.51376
      0.17   0.844454   0.368241   0.512845
      0.18   0.831538   0.367053   0.509295
      0.19   0.817398    0.36945    0.50889
       0.2   0.809791   0.372141   0.509938
      0.21   0.795702   0.372051   0.507028
      0.22   0.784828   0.371275   0.504085
      0.23   0.781357   0.373076   0.505019
      0.24   0.768799   0.375366   0.504439
      0.25   0.761141   0.376742   0.504013
      0.26    0.74501   0.379719   0.503045
      0.27   0.737199    0.38024   0.501705
      0.28   0.723825    0.38061   0.498888
      0.29   0.715453    0.38221   0.498246
       0.3    0.69876   0.380918   0.493055
      0.31   0.680229   0.382064   0.489302
      0.32   0.663434   0.381981    0.48482
      0.33   0.650978   0.383773   0.482875
      0.34   0.637909   0.383343   0.478898
      0.35    0.61897    0.38181   0.472289
      0.36   0.602226   0.379682   0.465734
      0.37   0.586554   0.381102   0.462017
      0.38   0.572566   0.382509   0.458627
      0.39   0.551177   0.383176   0.452073
       0.4   0.535709   0.380314   0.444831
      0.41   0.517535   0.378335   0.437121
      0.42   0.495482   0.374656    0.42668
      0.43   0.481393   0.372639   0.420092
      0.44   0.462913   0.366806   0.409293
      0.45   0.450048   0.363065   0.401904
      0.46   0.424626   0.360269   0.389809
      0.47   0.415386   0.360225   0.385844
      0.48   0.389606   0.354315   0.371124
      0.49   0.375568   0.352279   0.363551
       0.5   0.351881   0.347949   0.349904
      0.51   0.325489   0.342905    0.33397
      0.52   0.306447   0.344635   0.324421
      0.53   0.287968   0.343317   0.313216
      0.54   0.281944   0.346939   0.311083
      0.55   0.260708   0.347101   0.297764
      0.56   0.243861   0.345668   0.285974
      0.57   0.233549   0.345921    0.27884
      0.58   0.224871   0.343765   0.271889
      0.59    0.21216   0.343668   0.262357
       0.6   0.200929   0.339623   0.252483
      0.61    0.19368   0.344558   0.247972
      0.62   0.183317   0.342839   0.238896
      0.63   0.174026    0.34509   0.231373
      0.64   0.157486   0.349656   0.217162
      0.65   0.145081   0.353038    0.20565
      0.66   0.136965   0.353363   0.197412
      0.67   0.131349   0.354839   0.191727
      0.68    0.11823   0.351967   0.177002
      0.69   0.111389   0.346783   0.168617
       0.7   0.105263   0.351675   0.162028
      0.71  0.0980142   0.350582   0.153198
      0.72   0.092654   0.351978   0.146693
      0.73  0.0825463   0.348665   0.133489
      0.74  0.0791771   0.346687   0.128913
      0.75  0.0714687   0.348562   0.118616
      0.76  0.0664148   0.348624   0.111574
      0.77  0.0615652   0.362348   0.105248
      0.78  0.0578896   0.368192   0.100049
      0.79  0.0542651   0.377953  0.0949043
       0.8  0.0458421   0.385507  0.0819403
      0.81   0.040584   0.393333  0.0735764
      0.82  0.0398693   0.402174  0.0725467
      0.83  0.0383889      0.425  0.0704172
      0.84  0.0330287   0.420792  0.0612499
      0.85  0.0323651    0.43956  0.0602909
      0.86  0.0300679   0.468085  0.0565061
      0.87  0.0246056        0.5  0.0469031
      0.88   0.016693   0.686567  0.0325936
      0.89  0.0143958   0.756757  0.0282542
       0.9 0.00975037   0.766667  0.0192558
      0.91 0.00740211        0.8  0.0146685
      0.92 0.00689162       0.85  0.0136724
      0.93 0.00515595   0.785714  0.0102447
      0.94 0.00510491   0.769231  0.0101425
      0.95 0.00505386       0.75  0.0100401
      0.96 0.00500281   0.727273 0.00993726
      0.97 0.00342029   0.666667 0.00680566
      0.98 0.00326714   0.666667 0.00650241
      0.99  0.0029098        0.5 0.00578592
