         0          1   0.273534   0.429567
      0.01    0.99908    0.25831   0.410489
      0.02   0.996514   0.276084   0.432378
      0.03   0.996466   0.290596   0.449969
      0.04   0.995401   0.311589   0.474611
      0.05    0.99269   0.323383   0.487844
      0.06   0.989689   0.338781   0.504773
      0.07   0.988285   0.348442   0.515229
      0.08   0.984896   0.360808   0.528137
      0.09   0.982621   0.368235   0.535712
       0.1   0.976134   0.378173   0.545146
      0.11   0.973181   0.387478    0.55427
      0.12   0.971148   0.392198   0.558746
      0.13   0.965677   0.400922   0.566605
      0.14   0.962482   0.406162   0.571257
      0.15   0.954834   0.411376   0.575015
      0.16     0.9513   0.416286   0.579142
      0.17   0.944474   0.422973   0.584282
      0.18   0.932178   0.427816   0.586474
      0.19   0.922641    0.43641   0.592546
       0.2   0.914266   0.439952   0.594045
      0.21    0.90168   0.445701   0.596535
      0.22   0.879653   0.447178   0.592934
      0.23   0.859273   0.448636   0.589492
      0.24   0.831389   0.446255   0.580774
      0.25    0.80457   0.444068   0.572277
      0.26    0.76163   0.441578   0.559038
      0.27   0.733553     0.4382   0.548653
      0.28    0.67275   0.436993   0.529829
      0.29   0.625793   0.433252    0.51202
       0.3   0.565184   0.430985   0.489045
      0.31   0.518081   0.427281    0.46832
      0.32   0.492472   0.429827   0.459022
      0.33   0.449049   0.435383    0.44211
      0.34   0.435542   0.440589   0.438051
      0.35   0.418067   0.449539   0.433232
      0.36    0.40519   0.454783   0.428556
      0.37   0.395798    0.46901   0.429305
      0.38   0.390376   0.476997   0.429361
      0.39   0.382001   0.487248   0.428253
       0.4   0.378709   0.494635   0.428978
      0.41   0.369463   0.508388   0.427933
      0.42   0.359588    0.51977   0.425089
      0.43   0.355715   0.532213   0.426422
      0.44   0.346807   0.560209   0.428404
      0.45   0.340901   0.572347   0.427297
      0.46   0.328557   0.589946   0.422058
      0.47   0.319311   0.595866   0.415802
      0.48   0.299269   0.615429    0.40271
      0.49   0.287409   0.643357   0.397321
       0.5   0.282616   0.655814   0.395008
      0.51   0.276323    0.66783   0.390904
      0.52   0.269013   0.670306    0.38394
      0.53   0.264608   0.677321   0.380548
      0.54   0.260299   0.677419   0.376087
      0.55   0.249601   0.677659   0.364826
      0.56   0.248245   0.677554   0.363361
      0.57   0.239725   0.682498   0.354821
      0.58   0.234836   0.686078   0.349904
      0.59   0.233093   0.688617   0.348291
       0.6   0.230527   0.684109   0.344849
      0.61   0.223992   0.681957   0.337222
      0.62   0.222104   0.683369   0.335248
      0.63   0.217457   0.681869   0.329751
      0.64   0.211066   0.682898   0.322467
      0.65   0.204628   0.689655   0.315611
      0.66   0.194898   0.721168   0.306864
      0.67   0.191122   0.725705   0.302561
      0.68   0.173501   0.712042   0.279015
      0.69   0.162027   0.706542   0.263604
       0.7   0.141114   0.694387   0.234561
      0.71   0.127656   0.689655   0.215435
      0.72   0.114634   0.681592    0.19626
      0.73   0.101709   0.670391   0.176621
      0.74  0.0897517   0.656535   0.157915
      0.75  0.0800697   0.647651    0.14252
      0.76  0.0721789   0.635036   0.129625
      0.77   0.057656   0.605809   0.105291
      0.78  0.0501525   0.591111  0.0924602
      0.79  0.0351939   0.549451  0.0661506
       0.8  0.0336448   0.531792  0.0632857
      0.81  0.0274967   0.482993  0.0520313
      0.82  0.0184441   0.421053  0.0353402
      0.83  0.0128286   0.350515  0.0247513
      0.84  0.0094399   0.301205  0.0183061
      0.85 0.00871375   0.289474  0.0169182
      0.86 0.00663213   0.245902  0.0129159
      0.87 0.00493779   0.156863 0.00957421
      0.88 0.00222685  0.0789474 0.00433152
      0.89 0.00174275  0.0277778 0.00327973
       0.9          0          0          0
      0.91          0          0          0
      0.92          0          0          0
      0.93          0          0          0
      0.94          0          0          0
      0.95          0          0          0
      0.96          0          0          0
      0.97          0          0          0
      0.98          0          0          0
      0.99          0          0          0
