         0          1   0.279386    0.43675
      0.01     0.9976   0.275045   0.431204
      0.02   0.993469   0.292305   0.451707
      0.03   0.989366   0.300545   0.461038
      0.04   0.980301   0.311419   0.472679
      0.05   0.972188   0.318242   0.479516
      0.06   0.959216   0.328465   0.489359
      0.07   0.950381   0.335055   0.495443
      0.08   0.934762    0.34464   0.503604
      0.09   0.923649   0.351026   0.508717
       0.1   0.904633   0.360512   0.515563
      0.11   0.884073   0.369694   0.521367
      0.12   0.869127   0.375603   0.524526
      0.13   0.845059   0.383898   0.527955
      0.14   0.828381   0.389229   0.529612
      0.15   0.803123    0.39656   0.530951
      0.16   0.785541    0.40118   0.531116
      0.17   0.757359   0.408084   0.530384
      0.18    0.73947    0.41248   0.529565
      0.19    0.71221   0.419146    0.52772
       0.2   0.694058   0.422902   0.525567
      0.21   0.665591   0.427444   0.520574
      0.22   0.637539   0.431231   0.514473
      0.23   0.619477    0.43378   0.510259
      0.24   0.592354   0.436583   0.502678
      0.25   0.573298   0.437846     0.4965
      0.26    0.54468   0.439638   0.486554
      0.27   0.526128   0.440509   0.479527
      0.28   0.500347   0.441722    0.46921
      0.29   0.483261   0.442423   0.461941
       0.3   0.458025   0.443134   0.450457
      0.31   0.433917   0.443439   0.438626
      0.32   0.417437   0.443487   0.430068
      0.33   0.395934   0.444015   0.418599
      0.34     0.3815   0.443576   0.410203
      0.35    0.36105   0.443135   0.397903
      0.36   0.348346   0.442257   0.389724
      0.37   0.329953   0.441642   0.377714
      0.38   0.317542   0.440942   0.369204
      0.39   0.300853   0.440425     0.3575
       0.4   0.290219   0.440592   0.349935
      0.41   0.276256   0.440626   0.339598
      0.42   0.261645   0.440123   0.328188
      0.43   0.252312   0.439517   0.320586
      0.44   0.239466   0.438357   0.309732
      0.45   0.230329   0.436641   0.301576
      0.46   0.217901   0.434538   0.290253
      0.47   0.209515   0.432669    0.28232
      0.48   0.196424   0.430181     0.2697
      0.49   0.187674    0.42892   0.261103
       0.5   0.176132   0.426446   0.249298
      0.51   0.164333   0.423113   0.236725
      0.52   0.158331   0.421448   0.230185
      0.53   0.148231   0.417823   0.218829
      0.54   0.141977   0.415254   0.211605
      0.55    0.13257   0.412866   0.200697
      0.56   0.127057   0.410665    0.19407
      0.57   0.118916   0.407573   0.184114
      0.58   0.113917   0.405638   0.177879
      0.59   0.107094   0.402058   0.169136
       0.6   0.102039   0.397961    0.16243
      0.61  0.0960238   0.392893   0.154329
      0.62  0.0899144   0.390055   0.146141
      0.63  0.0855391    0.38717   0.140121
      0.64   0.079322   0.383846   0.131475
      0.65  0.0756342    0.38113    0.12622
      0.66  0.0703425   0.375767   0.118502
      0.67  0.0671653    0.37039   0.113711
      0.68  0.0621086   0.360153   0.105947
      0.69  0.0590595   0.353966   0.101229
       0.7  0.0531942   0.342929  0.0921018
      0.71  0.0484101   0.334095  0.0845665
      0.72  0.0456722   0.327712  0.0801712
      0.73  0.0412826   0.315802  0.0730199
      0.74   0.038499   0.307028  0.0684188
      0.75  0.0347431   0.298007   0.062231
      0.76  0.0328168   0.291577  0.0589939
      0.77  0.0297372   0.279553  0.0537562
      0.78  0.0276614   0.273004  0.0502331
      0.79  0.0249805   0.263661  0.0456372
       0.8  0.0228061    0.25672  0.0418908
      0.81  0.0207069   0.249206  0.0382367
      0.82  0.0183464   0.237864  0.0340653
      0.83  0.0173588   0.229815  0.0322795
      0.84  0.0154844   0.218396  0.0289185
      0.85  0.0144023   0.213279  0.0269825
      0.86  0.0125787   0.207358  0.0237187
      0.87   0.010925   0.200114  0.0207189
      0.88 0.00945745   0.195191  0.0180408
      0.89 0.00881773   0.189863  0.0168528
       0.9 0.00757491   0.180766  0.0145405
      0.91 0.00628124   0.169165  0.0121127
      0.92 0.00565474   0.159811   0.010923
      0.93 0.00495603   0.143573 0.00958133
      0.94 0.00413732   0.131148 0.00802158
      0.95 0.00344675   0.117578 0.00669717
      0.96 0.00285381   0.109188 0.00556225
      0.97   0.002447  0.0998746 0.00477696
      0.98 0.00163947  0.0921483 0.00322162
      0.99 0.00129062  0.0901961 0.00254483
