         0          1   0.295659   0.456384
      0.01   0.957219   0.276596   0.429177
      0.02   0.957219   0.277543   0.430317
      0.03   0.957219    0.27907    0.43215
      0.04   0.957102   0.283139   0.437001
      0.05   0.957102   0.287019   0.441608
      0.06   0.956945   0.294654   0.450572
      0.07   0.956398   0.300847   0.457714
      0.08   0.955889    0.31013   0.468318
      0.09   0.955342   0.319283    0.47861
       0.1   0.954247   0.331223   0.491756
      0.11   0.951979   0.342714    0.50399
      0.12   0.948303   0.350847   0.512195
      0.13   0.942437    0.36463    0.52582
      0.14   0.940756   0.374576   0.535811
      0.15    0.93094   0.390149   0.549858
      0.16   0.929337   0.399117   0.558415
      0.17   0.924097   0.415843   0.573576
      0.18   0.918544    0.42791   0.583836
      0.19   0.909276   0.446936   0.599299
       0.2   0.906969   0.459813   0.610245
      0.21   0.900086   0.475283   0.622081
      0.22   0.887768   0.492374   0.633433
      0.23   0.882802     0.5036   0.641342
      0.24   0.872791   0.521368   0.652788
      0.25   0.867668   0.533661   0.660859
      0.26   0.850344   0.550313   0.668194
      0.27   0.842523   0.562291   0.674457
      0.28   0.826998    0.58436   0.684822
      0.29   0.816166   0.596749   0.689421
       0.3   0.803379   0.619663   0.699662
      0.31    0.79063   0.638648   0.706559
      0.32    0.78539   0.648198   0.710229
      0.33   0.772994   0.664794   0.714823
      0.34   0.762044   0.674165   0.715416
      0.35   0.748827   0.685693   0.715871
      0.36   0.740185   0.690605   0.714536
      0.37   0.730095   0.696229    0.71276
      0.38   0.720241   0.699103   0.709515
      0.39   0.706202   0.702771   0.704482
       0.4   0.695722   0.705444   0.700549
      0.41   0.683091   0.713525   0.697976
      0.42   0.664438   0.716728   0.689593
      0.43   0.655717     0.7199   0.686311
      0.44   0.644181   0.726014   0.682654
      0.45   0.631472   0.728203   0.676397
      0.46   0.616847   0.729693   0.668541
      0.47   0.606757   0.729457   0.662474
      0.48   0.585797   0.728649    0.64946
      0.49   0.573088   0.728645   0.641572
       0.5   0.554435   0.730068   0.630244
      0.51    0.54239   0.728091   0.621669
      0.52   0.532731    0.72905   0.615618
      0.53   0.524675   0.729542   0.610377
      0.54   0.519083   0.727729   0.605948
      0.55    0.50743   0.723826   0.596612
      0.56   0.496324   0.721831   0.588204
      0.57   0.483458   0.717925   0.577812
      0.58   0.476537   0.716078   0.572251
      0.59   0.458861   0.707246     0.5566
       0.6   0.444901   0.704568   0.545405
      0.61   0.425817   0.695675   0.528279
      0.62   0.409745   0.688229    0.51367
      0.63   0.397466   0.681397   0.502069
      0.64   0.379517   0.672676   0.485257
      0.65   0.362545   0.665316   0.469338
      0.66   0.348389   0.655875   0.455059
      0.67   0.339942   0.649327   0.446256
      0.68   0.329423   0.643939   0.435867
      0.69   0.322306   0.640052   0.428723
       0.7   0.307993   0.634487   0.414688
      0.71   0.296496   0.625086   0.402212
      0.72   0.285586    0.61898   0.390844
      0.73   0.274949    0.61674   0.380339
      0.74   0.267715   0.611403   0.372377
      0.75   0.252581   0.602494   0.355942
      0.76   0.244564    0.59952   0.347409
      0.77   0.237213   0.597692   0.339632
      0.78   0.229548   0.590678   0.330614
      0.79   0.219224   0.580247   0.318221
       0.8   0.210504   0.571946   0.307743
      0.81   0.194431     0.5635   0.289108
      0.82   0.187392   0.558994   0.280689
      0.83   0.183365   0.561698   0.276475
      0.84   0.174018   0.556584    0.26514
      0.85   0.169326   0.551363   0.259085
      0.86   0.161153   0.545852    0.24884
      0.87    0.15908   0.545958   0.246373
      0.88   0.153097   0.543578   0.238907
      0.89   0.146332   0.538095   0.230092
       0.9    0.14074   0.538077    0.22312
      0.91   0.132841   0.538663   0.213123
      0.92   0.127522   0.541892   0.206459
      0.93   0.122517   0.550143   0.200404
      0.94   0.115712   0.553412   0.191404
      0.95   0.113679   0.557604   0.188856
      0.96   0.110668   0.556782   0.184637
      0.97   0.103668   0.559801    0.17494
      0.98   0.103238   0.571672   0.174892
      0.99   0.101635   0.586022   0.173226
