         0          1   0.337394   0.504555
      0.01   0.932523   0.348448   0.507327
      0.02   0.930298   0.349049   0.507634
      0.03   0.929828   0.351077   0.509704
      0.04   0.928972   0.355198   0.513902
      0.05   0.927431   0.359069   0.517702
      0.06   0.923409   0.362905   0.521039
      0.07   0.920756    0.36717    0.52499
      0.08   0.914552   0.376377   0.533285
      0.09   0.908819   0.383401   0.539292
       0.1   0.893672   0.393118   0.546039
      0.11   0.874717    0.40348   0.552232
      0.12   0.863592   0.410636   0.556607
      0.13    0.83993   0.419213   0.559285
      0.14   0.819263   0.427432   0.561772
      0.15    0.79098   0.441331   0.566552
      0.16   0.768303   0.445872   0.564276
      0.17   0.731291   0.457263   0.562687
      0.18   0.713534    0.46533   0.563303
      0.19   0.683026   0.477153   0.561823
       0.2   0.660905   0.481011   0.556788
      0.21    0.63091    0.48643   0.549329
      0.22   0.599589   0.493301   0.541276
      0.23   0.582217   0.500793   0.538444
      0.24   0.558855   0.504205   0.530125
      0.25   0.544008   0.506813   0.524752
      0.26   0.522785   0.510171   0.516401
      0.27   0.509135     0.5113   0.510215
      0.28   0.491635   0.521332   0.506048
      0.29   0.480724   0.525972   0.502331
       0.3   0.463737   0.535514   0.497048
      0.31   0.444482   0.550301   0.491764
      0.32   0.434984   0.550625    0.48602
      0.33   0.426212   0.557093   0.482942
      0.34   0.417868   0.558265    0.47797
      0.35   0.406358   0.562618   0.471889
      0.36   0.394463     0.5676   0.465452
      0.37   0.378204   0.569038   0.454398
      0.38   0.369475    0.56827   0.447801
      0.39   0.354756   0.567924   0.436716
       0.4   0.343802   0.572036    0.42948
      0.41    0.33533   0.577458    0.42428
      0.42   0.320397   0.575758   0.411695
      0.43    0.31154   0.581759   0.405779
      0.44   0.302341   0.583097   0.398207
      0.45   0.293398    0.58392   0.390556
      0.46   0.282658   0.590546   0.382322
      0.47   0.276154   0.592803   0.376785
      0.48   0.268966   0.594222   0.370314
      0.49   0.260365   0.596336   0.362472
       0.5   0.250353   0.596154   0.352623
      0.51   0.241838   0.598061   0.344408
      0.52   0.235506   0.595201   0.337479
      0.53    0.22361   0.586491   0.323776
      0.54   0.213042     0.5915   0.313257
      0.55   0.204313    0.59116   0.303673
      0.56   0.196012    0.58624   0.293793
      0.57   0.182619   0.587368   0.278615
      0.58   0.176073   0.586623   0.270851
      0.59   0.163151   0.589561   0.255576
       0.6   0.156775   0.596226   0.248269
      0.61   0.148731   0.582773   0.236982
      0.62   0.137307   0.578102   0.221908
      0.63   0.127851    0.58216   0.209658
      0.64   0.114073   0.569983     0.1901
      0.65   0.108083   0.582437    0.18233
      0.66  0.0974712   0.585462   0.167119
      0.67  0.0954602   0.590535   0.164353
      0.68  0.0882718   0.591743   0.153627
      0.69  0.0827949   0.582547   0.144984
       0.7  0.0788156   0.579602   0.138762
      0.71   0.071071   0.583784   0.126715
      0.72  0.0647384   0.578035   0.116436
      0.73  0.0608874   0.569697   0.110017
      0.74  0.0605451   0.569231   0.109449
      0.75  0.0534423   0.543974  0.0973232
      0.76  0.0515596   0.547297   0.094241
      0.77  0.0501476   0.542254  0.0918051
      0.78  0.0481366   0.531136   0.088273
      0.79  0.0454837   0.517241  0.0836148
       0.8  0.0444568   0.527778  0.0820059
      0.81  0.0383381   0.519149  0.0714032
      0.82  0.0375679   0.513158  0.0700104
      0.83  0.0368833   0.513393  0.0688223
      0.84  0.0361131    0.52657  0.0675908
      0.85   0.035129   0.517949  0.0657955
      0.86  0.0295238   0.497268  0.0557382
      0.87  0.0268709   0.514451  0.0510741
      0.88  0.0263575   0.512346  0.0501357
      0.89  0.0255873   0.525974  0.0488005
       0.9  0.0250738   0.534247  0.0478995
      0.91  0.0240469   0.552239   0.046087
      0.92  0.0237902   0.561538  0.0456465
      0.93  0.0237046   0.603448  0.0456173
      0.94  0.0231483    0.62037  0.0446313
      0.95  0.0225921   0.642105  0.0436485
      0.96  0.0225921   0.678571  0.0437283
      0.97  0.0185272   0.742857  0.0361528
      0.98  0.0182277   0.809524  0.0356527
      0.99  0.0178426   0.859649  0.0349596
