         0          1   0.223995   0.366006
      0.01   0.922035   0.258007   0.403191
      0.02   0.922035   0.259644   0.405187
      0.03   0.922035   0.260583    0.40633
      0.04   0.922035   0.262582   0.408756
      0.05   0.920874   0.264634   0.411123
      0.06   0.920745   0.268603   0.415883
      0.07   0.919843   0.272382   0.420304
      0.08   0.919004   0.277129   0.425843
      0.09   0.917521   0.280247   0.429353
       0.1   0.911459   0.284841    0.43404
      0.11    0.90701   0.290664   0.440246
      0.12   0.902238   0.295283   0.444946
      0.13   0.897659   0.303836   0.454003
      0.14   0.894048   0.309011   0.459281
      0.15   0.883601   0.319577   0.469387
      0.16   0.877668   0.324954     0.4743
      0.17   0.871735   0.334187   0.483153
      0.18   0.865158    0.34067   0.488848
      0.19   0.852131    0.34848   0.494665
       0.2    0.84607   0.354606   0.499754
      0.21   0.832398   0.363025   0.505564
      0.22   0.815567   0.372068   0.511009
      0.23   0.803057   0.377277   0.513371
      0.24   0.783453    0.38499    0.51628
      0.25   0.774295   0.389802   0.518551
      0.26   0.755917    0.39812   0.521553
      0.27     0.7436    0.40301   0.522721
      0.28   0.729026   0.412113   0.526563
      0.29   0.716386   0.413831   0.524612
       0.3   0.698136   0.418982   0.523681
      0.31    0.67692   0.422854    0.52054
      0.32   0.666538   0.424437   0.518625
      0.33   0.648481    0.42986   0.517009
      0.34   0.641452   0.432829   0.516883
      0.35   0.614174   0.433104   0.507986
      0.36   0.602051   0.433121   0.503802
      0.37   0.578448   0.439265   0.499339
      0.38   0.568582   0.440561   0.496451
      0.39   0.548462   0.438196   0.487167
       0.4   0.542078   0.438761   0.484978
      0.41   0.531695   0.440193   0.481637
      0.42   0.520539   0.442266   0.478221
      0.43   0.509834   0.441355    0.47313
      0.44      0.501   0.441822   0.469554
      0.45   0.489005   0.439678   0.463032
      0.46   0.475398   0.440208   0.457127
      0.47   0.465016   0.435581   0.449817
      0.48    0.45128   0.434004   0.442473
      0.49   0.443219   0.432181   0.437631
       0.5   0.428452   0.427746   0.428098
      0.51   0.413233   0.425256   0.419158
      0.52   0.407622   0.424839   0.416053
      0.53   0.398723    0.42203   0.410046
      0.54   0.387696   0.416068   0.401381
      0.55   0.373444   0.416339   0.393727
      0.56   0.369962   0.415002    0.39119
      0.57   0.351003   0.409362   0.377943
      0.58   0.343393   0.406645   0.372352
      0.59   0.337332   0.403948   0.367646
       0.6   0.328303   0.402379   0.361586
      0.61    0.30928   0.412614   0.353551
      0.62   0.299736   0.406441   0.345027
      0.63    0.28974   0.401252   0.336498
      0.64    0.28471   0.397555   0.331801
      0.65   0.278455   0.392985   0.325952
      0.66   0.270459   0.387333   0.318513
      0.67   0.261237   0.380745   0.309868
      0.68   0.252273   0.372687    0.30088
      0.69   0.248533   0.368592   0.296884
       0.7    0.23512   0.358991   0.284142
      0.71   0.223705   0.351223   0.273323
      0.72   0.213516   0.343448   0.263327
      0.73   0.202296    0.33474   0.252186
      0.74   0.192236   0.327299   0.242211
      0.75   0.183014   0.321217   0.233176
      0.76   0.179209   0.318045   0.229245
      0.77   0.173083   0.312356   0.222741
      0.78   0.165216    0.30428   0.214153
      0.79   0.152254   0.288817   0.199394
       0.8   0.146128   0.279279   0.191865
      0.81   0.137357   0.267169   0.181435
      0.82   0.126652    0.25043   0.168226
      0.83   0.112594   0.239264   0.153128
      0.84   0.104275   0.226703   0.142846
      0.85  0.0923454   0.214612   0.129128
      0.86  0.0898949   0.210916   0.126061
      0.87  0.0826079    0.20508   0.117775
      0.88  0.0771909   0.195965   0.110755
      0.89  0.0740956   0.182891   0.105464
       0.9  0.0693235   0.172518   0.098904
      0.91  0.0613916   0.164634  0.0894337
      0.92   0.059715   0.161523  0.0871942
      0.93  0.0552009    0.16953  0.0832837
      0.94  0.0526859   0.164352  0.0797928
      0.95  0.0468176   0.151943  0.0715797
      0.96   0.042368   0.148633  0.0659397
      0.97  0.0382408   0.138015   0.059888
      0.98  0.0319211   0.133089  0.0514919
      0.99  0.0305024    0.12963  0.0493844
