         0          1   0.150167   0.261123
      0.01   0.875795   0.140951   0.242822
      0.02   0.874371    0.14441    0.24788
      0.03   0.871999   0.145437   0.249295
      0.04   0.869248   0.148025   0.252971
      0.05   0.861562   0.149744   0.255143
      0.06   0.853876   0.153527    0.26026
      0.07   0.847709   0.155496   0.262788
      0.08    0.83841   0.160622   0.269595
      0.09   0.829206   0.162206   0.271335
       0.1   0.818768   0.164742   0.274295
      0.11   0.804061   0.166618   0.276035
      0.12   0.795996   0.168756   0.278473
      0.13   0.770946   0.170037   0.278622
      0.14   0.764778   0.172674   0.281737
      0.15   0.743145   0.174657   0.282839
      0.16   0.740013   0.177731   0.286624
      0.17   0.722365   0.179543   0.287603
      0.18   0.708416   0.181306    0.28872
      0.19   0.693709   0.186963   0.294543
       0.2   0.680994   0.191303   0.298697
      0.21   0.658127   0.194794   0.300612
      0.22   0.633836   0.196468   0.299958
      0.23   0.617136   0.196881   0.298525
      0.24   0.588386   0.197698   0.295955
      0.25   0.568175   0.197796   0.293439
      0.26   0.537243   0.198621    0.29002
      0.27   0.515514   0.199575    0.28775
      0.28   0.496726   0.200816   0.286006
      0.29   0.482683   0.202677   0.285481
       0.3   0.460385    0.20353   0.282272
      0.31   0.443116   0.202782   0.278236
      0.32   0.431635   0.203148    0.27627
      0.33   0.408388   0.206655   0.274437
      0.34   0.395863   0.208142   0.272832
      0.35   0.384666   0.209335   0.271125
      0.36   0.374893   0.211979   0.270824
      0.37   0.361609   0.214531   0.269297
      0.38    0.35288   0.216984   0.268728
      0.39    0.34415   0.220744   0.268967
       0.4   0.340924   0.224691   0.270865
      0.41    0.33229    0.22602   0.269041
      0.42   0.321568   0.225396   0.265027
      0.43   0.311035   0.225665   0.261561
      0.44   0.306196   0.225727   0.259875
      0.45   0.301642   0.225888   0.258326
      0.46   0.291299   0.225209   0.254026
      0.47   0.282095    0.22182   0.248353
      0.48   0.273555   0.218353   0.242857
      0.49   0.261979   0.215362   0.236394
       0.5   0.243477   0.211332   0.226269
      0.51   0.237214   0.213981   0.224999
      0.52   0.234178   0.212486   0.222805
      0.53   0.222697   0.209143   0.215707
      0.54   0.212639   0.209848   0.211234
      0.55   0.206187   0.208937   0.207553
      0.56   0.204763   0.208359   0.206545
      0.57   0.191574   0.206743    0.19887
      0.58   0.190246   0.207707   0.198593
      0.59   0.182086    0.20562   0.193139
       0.6   0.177816   0.207265   0.191414
      0.61    0.17459   0.213592   0.192132
      0.62   0.172692   0.216383   0.192084
      0.63   0.169371   0.219841   0.191334
      0.64   0.161401   0.222498   0.187087
      0.65   0.160167   0.223818   0.186717
      0.66   0.148117   0.222124   0.177724
      0.67    0.14508   0.217668   0.174112
      0.68   0.142234    0.21449   0.171044
      0.69   0.140146   0.212724   0.168971
       0.7   0.135402   0.212944   0.165542
      0.71   0.130373   0.214286   0.162114
      0.72   0.127052   0.213457   0.159292
      0.73   0.124205   0.210719   0.156288
      0.74   0.119461   0.207643   0.151666
      0.75   0.107505   0.201602   0.140232
      0.76   0.105323    0.20442   0.139019
      0.77  0.0993453   0.197917   0.132288
      0.78  0.0951703   0.196232   0.128177
      0.79  0.0818863   0.193437   0.115064
       0.8  0.0808426   0.199255   0.115019
      0.81   0.077142    0.20284   0.111775
      0.82   0.069741   0.201299   0.103592
      0.83  0.0666097   0.198598    0.09976
      0.84  0.0588291   0.201044  0.0910232
      0.85  0.0516178    0.20339   0.082339
      0.86  0.0468735   0.202532  0.0761281
      0.87  0.0357719   0.209059  0.0610906
      0.88  0.0352026   0.229572  0.0610446
      0.89  0.0352026   0.241803  0.0614579
       0.9  0.0345384   0.263889  0.0610822
      0.91  0.0330202   0.268657  0.0588119
      0.92  0.0326407   0.284153  0.0585551
      0.93   0.030743   0.278788  0.0553791
      0.94  0.0303634   0.296053   0.055078
      0.95  0.0292248   0.318182  0.0535326
      0.96  0.0292248      0.328  0.0536678
      0.97  0.0285606   0.382353   0.053151
      0.98  0.0285606   0.414894  0.0534423
      0.99  0.0240061   0.460526  0.0456334
