         0          1   0.253826   0.404882
      0.01   0.940414   0.265943   0.414631
      0.02   0.939429   0.269012   0.418254
      0.03   0.937787   0.274455   0.424635
      0.04   0.931495   0.285057   0.436527
      0.05   0.929197    0.29256   0.445008
      0.06   0.919567   0.303302   0.456151
      0.07   0.911414    0.30829   0.460735
      0.08   0.901401   0.317153   0.469215
      0.09   0.887393    0.32119   0.471663
       0.1   0.858394    0.32649   0.473054
      0.11   0.835796   0.332072   0.475301
      0.12   0.817958   0.334369   0.474691
      0.13   0.794703   0.340592   0.476826
      0.14   0.782392   0.344085   0.477967
      0.15   0.750547   0.344232    0.47199
      0.16   0.735774   0.346124   0.470782
      0.17   0.694299   0.347741   0.463392
      0.18   0.669074    0.35071   0.460198
      0.19   0.630554   0.351864    0.45168
       0.2   0.603797   0.352843   0.445404
      0.21    0.57239    0.35655   0.439395
      0.22   0.541147   0.362549     0.4342
      0.23   0.519643   0.366419   0.429782
      0.24   0.500438    0.37662   0.429789
      0.25   0.486977   0.382464   0.428439
      0.26   0.458251   0.386891   0.419559
      0.27   0.439429   0.391363   0.414005
      0.28   0.422576   0.396738   0.409249
      0.29    0.41207    0.40178    0.40686
       0.3   0.388542   0.405038   0.396619
      0.31   0.368571   0.411765   0.388972
      0.32   0.356588   0.412139   0.382356
      0.33   0.339516   0.417037   0.374305
      0.34   0.333333   0.421855   0.372406
      0.35   0.316973   0.418668   0.360791
      0.36   0.304224   0.418242   0.352236
      0.37   0.291749   0.419809   0.344255
      0.38   0.284253   0.418421   0.338528
      0.39   0.270245   0.420487   0.329026
       0.4   0.260341   0.426714   0.323384
      0.41     0.2471   0.431286   0.314189
      0.42   0.236157   0.430657    0.30504
      0.43   0.230138   0.427191   0.299128
      0.44   0.224338   0.424727   0.293599
      0.45    0.21914   0.426848   0.289601
      0.46    0.21241    0.42846   0.284017
      0.47    0.20754    0.42834   0.279605
      0.48    0.20081   0.431973   0.274168
      0.49   0.197855   0.434441   0.271886
       0.5   0.189921   0.435059   0.264415
      0.51   0.184614   0.440419    0.26017
      0.52   0.182316   0.443898   0.258473
      0.53   0.176351   0.453782   0.253994
      0.54   0.171865    0.45671   0.249747
      0.55   0.168253   0.467429    0.24744
      0.56    0.16612   0.476303   0.246328
      0.57   0.158186   0.485199   0.238587
      0.58    0.15452   0.495251   0.235548
      0.59   0.146039   0.499272   0.225978
       0.6    0.13898   0.504658   0.217941
      0.61   0.132141      0.505    0.20947
      0.62   0.124754   0.514184   0.200791
      0.63   0.122565   0.519409    0.19833
      0.64   0.120376   0.539078   0.196806
      0.65   0.111895   0.541756   0.185481
      0.66   0.105384   0.538283    0.17626
      0.67  0.0985993   0.534483   0.166486
      0.68  0.0850843    0.52381    0.14639
      0.69  0.0839352   0.547112   0.145542
       0.7  0.0800503   0.563934   0.140199
      0.71  0.0770409   0.571429   0.135776
      0.72  0.0753447    0.57197    0.13315
      0.73  0.0650033    0.59633   0.117228
      0.74  0.0588203   0.587065   0.106927
      0.75  0.0539505    0.59116  0.0988773
      0.76  0.0506675   0.584795  0.0932553
      0.77  0.0486977   0.583333  0.0898912
      0.78  0.0463996   0.604317  0.0861822
      0.79   0.038794      0.608  0.0729344
       0.8  0.0369884   0.605263  0.0697163
      0.81  0.0352375   0.596154  0.0665418
      0.82  0.0273583   0.550562  0.0521263
      0.83  0.0257168     0.5625  0.0491849
      0.84  0.0207376   0.544118  0.0399525
      0.85   0.020464   0.610169  0.0395999
      0.86  0.0189866   0.789474  0.0370815
      0.87  0.0172357   0.757576  0.0337046
      0.88  0.0167433   0.774194  0.0327777
      0.89   0.016032   0.740741  0.0313846
       0.9  0.0137886       0.65  0.0270043
      0.91 0.00733202        0.5  0.0144521
      0.92 0.00399431   0.416667 0.00791276
      0.93 0.00399431   0.416667 0.00791276
      0.94 0.00399431      0.625 0.00793789
      0.95 0.00361129          1  0.0071966
      0.96 0.00361129          1  0.0071966
      0.97 0.00361129          1  0.0071966
      0.98 0.00361129          1  0.0071966
      0.99 0.00317356          1 0.00632704
