         0          1   0.223412   0.365227
      0.01   0.975726   0.245163   0.391865
      0.02   0.975726   0.246071   0.393024
      0.03   0.975726   0.247906   0.395361
      0.04   0.975726   0.250958   0.399233
      0.05   0.975726   0.253255   0.402134
      0.06   0.975726    0.25786   0.407918
      0.07   0.975726   0.261289   0.412196
      0.08   0.974179   0.266213   0.418157
      0.09   0.971505   0.269385   0.421809
       0.1   0.966791   0.273123   0.425921
      0.11   0.959755   0.276243   0.429007
      0.12    0.95286   0.277824   0.430212
      0.13   0.945472   0.278896   0.430734
      0.14   0.934497   0.279638   0.430464
      0.15   0.914304   0.280758   0.429598
      0.16   0.905368   0.282868   0.431059
      0.17   0.883839   0.285301    0.43136
      0.18   0.862802   0.286153    0.42977
      0.19   0.838669   0.288312   0.429108
       0.2   0.820728    0.28975   0.428295
      0.21   0.783016   0.290462   0.423737
      0.22   0.746922   0.287195   0.414871
      0.23   0.727644   0.286719    0.41135
      0.24   0.690987   0.284741   0.403294
      0.25   0.664181   0.282824   0.396717
      0.26   0.625202   0.278868   0.385697
      0.27   0.592626   0.273778   0.374532
      0.28   0.551326   0.268093   0.360759
      0.29   0.516991    0.26438   0.349852
       0.3   0.474143   0.260748   0.336463
      0.31   0.435376   0.252941   0.319982
      0.32   0.400971   0.246071    0.30498
      0.33   0.364033   0.234309   0.285108
      0.34   0.335397   0.223568   0.268296
      0.35   0.305354   0.217906   0.254323
      0.36   0.283473   0.209959    0.24124
      0.37   0.251038   0.200954   0.223221
      0.38   0.232393   0.193905   0.211411
      0.39   0.193203   0.181421   0.187127
       0.4   0.171041   0.173964    0.17249
      0.41   0.147963    0.16196   0.154646
      0.42   0.134947   0.156082   0.144747
      0.43    0.11982   0.153412   0.134551
      0.44   0.107718    0.14899   0.125036
      0.45  0.0995567   0.143538   0.117569
      0.46  0.0939985    0.14229    0.11321
      0.47   0.088792    0.14126   0.109043
      0.48  0.0816858   0.137603   0.102515
      0.49  0.0755646   0.135968  0.0971421
       0.5  0.0635334   0.129549  0.0852556
      0.51  0.0602266   0.124804  0.0812462
      0.52  0.0561458   0.119328  0.0763619
      0.53  0.0504468   0.113122  0.0697767
      0.54  0.0462253   0.108675  0.0648615
      0.55  0.0417224   0.105691  0.0598274
      0.56  0.0415113   0.109208  0.0601564
      0.57  0.0398227   0.112281  0.0587932
      0.58  0.0384155   0.112069  0.0572177
      0.59  0.0358123    0.11482  0.0545961
       0.6  0.0345458   0.111888   0.052792
      0.61  0.0316612   0.104455  0.0485933
      0.62  0.0253289   0.100511  0.0404615
      0.63  0.0248364   0.101423  0.0399018
      0.64  0.0236403  0.0952381  0.0378784
      0.65  0.0215296  0.0892495  0.0346907
      0.66  0.0144938  0.0873362  0.0248617
      0.67  0.0144938  0.0904977  0.0249859
      0.68   0.014142   0.095122  0.0246232
      0.69   0.014142  0.0964467   0.024667
       0.7  0.0134384  0.0931507  0.0234883
      0.71   0.012172  0.0856269  0.0213141
      0.72  0.0117498  0.0875421  0.0207188
      0.73  0.0108352  0.0783582  0.0190378
      0.74  0.0108352  0.0806452  0.0191036
      0.75 0.00970942  0.0570175  0.0165932
      0.76 0.00893548  0.0465116   0.014991
      0.77 0.00598044  0.0353535  0.0102303
      0.78 0.00576937  0.0326087 0.00980412
      0.79 0.00478435  0.0235294 0.00795182
       0.8 0.00401041  0.0127389 0.00610033
      0.81 0.000140716 0.00714286 0.000275995
      0.82 0.000140716 0.00793651 0.00027653
      0.83 0.000140716 0.00840336 0.000276797
      0.84 0.000140716 0.00952381 0.000277335
      0.85 0.000140716 0.00970874 0.000277412
      0.86 0.000140716   0.011236 0.000277951
      0.87 0.000140716  0.0119048 0.000278145
      0.88 0.000140716   0.012987 0.000278416
      0.89 0.000140716  0.0144928 0.000278726
       0.9          0          0          0
      0.91          0          0          0
      0.92          0          0          0
      0.93          0          0          0
      0.94          0          0          0
      0.95          0          0          0
      0.96          0          0          0
      0.97          0          0          0
      0.98          0          0          0
      0.99          0          0          0
