         0          1   0.263807   0.417479
      0.01   0.946251    0.30003   0.455601
      0.02   0.945949   0.393767   0.556064
      0.03    0.94576   0.411018   0.573011
      0.04   0.945118   0.433667   0.594533
      0.05   0.945005   0.445653   0.605677
      0.06    0.94289   0.464442   0.622337
      0.07   0.942247   0.475243   0.631816
      0.08   0.938584   0.488903   0.642915
      0.09   0.936884   0.497152   0.649599
       0.1   0.932087   0.505495   0.655497
      0.11   0.922531   0.515597    0.66149
      0.12   0.919169   0.524173   0.667622
      0.13   0.912975   0.531689   0.672016
      0.14   0.907195   0.535512   0.673475
      0.15   0.887856   0.541071   0.672383
      0.16   0.873692   0.545967   0.672003
      0.17   0.843324   0.553259   0.668168
      0.18    0.82119   0.558491   0.664831
      0.19    0.80068   0.567666   0.664333
       0.2   0.780434   0.575727   0.662631
      0.21   0.755921    0.58351   0.658619
      0.22   0.721171   0.588143   0.647899
      0.23   0.704136   0.591226    0.64276
      0.24   0.683777   0.593612   0.635512
      0.25   0.670179   0.597194   0.631585
      0.26   0.636525   0.596901   0.616077
      0.27   0.624438   0.596521    0.61016
      0.28   0.590406   0.592978   0.591689
      0.29   0.561435   0.590361   0.575535
       0.3    0.53118   0.589228     0.5587
      0.31   0.494844   0.591175   0.538737
      0.32   0.482606   0.599356   0.534682
      0.33   0.462625   0.608564   0.525653
      0.34   0.448234   0.612245   0.517557
      0.35   0.413787    0.61532    0.49482
      0.36   0.401246   0.617545   0.486435
      0.37   0.382738   0.621609   0.473768
      0.38   0.373711     0.6262   0.468077
      0.39   0.351577   0.639938   0.453826
       0.4   0.334315   0.641246   0.439498
      0.41   0.320038   0.645378   0.427889
      0.42   0.301983   0.644893   0.411346
      0.43   0.278565   0.637953   0.387796
      0.44   0.254618   0.629064   0.362508
      0.45   0.236978   0.633216   0.344885
      0.46   0.212125   0.631618   0.317589
      0.47   0.194939   0.627406   0.297456
      0.48   0.190633   0.626478   0.292316
      0.49   0.187158   0.625199   0.288077
       0.5   0.185269   0.628079   0.286135
      0.51    0.18372   0.631757   0.284659
      0.52   0.181643   0.632846   0.282268
      0.53   0.176506   0.630687    0.27582
      0.54   0.175146    0.63282   0.274358
      0.55   0.162568   0.634307   0.258807
      0.56   0.159282   0.632948   0.254515
      0.57   0.155392   0.629557    0.24926
      0.58   0.151577      0.628    0.24421
      0.59    0.14508   0.623853   0.235414
       0.6   0.141719   0.621118   0.230781
      0.61   0.137828   0.615548   0.225226
      0.62   0.133636   0.614458   0.219527
      0.63     0.1322   0.611543   0.217403
      0.64   0.128121    0.62156    0.21245
      0.65   0.127894    0.62529   0.212354
      0.66   0.126912   0.641212   0.211887
      0.67   0.124759   0.640836   0.208858
      0.68   0.124684   0.652778   0.209376
      0.69   0.123777   0.655844   0.208251
       0.7   0.121624   0.675307   0.206125
      0.71   0.120831   0.686357   0.205487
      0.72   0.119811   0.699708    0.20459
      0.73   0.118565    0.70348   0.202928
      0.74   0.116827   0.712698   0.200747
      0.75   0.113692   0.712171   0.196082
      0.76   0.112899   0.744348    0.19606
      0.77   0.110822   0.773234   0.193859
      0.78   0.110104   0.778828   0.192933
      0.79     0.1061    0.77712   0.186709
       0.8   0.102625   0.794661   0.181775
      0.81   0.101643   0.809013   0.180596
      0.82  0.0982436   0.833333   0.175766
      0.83  0.0978659   0.846154    0.17544
      0.84  0.0959396   0.888608   0.173181
      0.85  0.0926534   0.896277   0.167945
      0.86  0.0902361   0.918768   0.164332
      0.87   0.087101   0.929412   0.159275
      0.88  0.0860057   0.950156   0.157734
      0.89  0.0820019    0.96129   0.151113
       0.9  0.0803022       0.96   0.148207
      0.91   0.078187   0.964912   0.144653
      0.92  0.0770916   0.963504   0.142761
      0.93  0.0761473   0.962264   0.141127
      0.94  0.0754297   0.964567   0.139918
      0.95  0.0722946   0.965517   0.134517
      0.96  0.0696506   0.981651   0.130072
      0.97  0.0681775   0.990196   0.127571
      0.98  0.0664023          1   0.124535
      0.99  0.0636827          1    0.11974
