         0          1   0.181029   0.306561
      0.01   0.922016   0.180831   0.302362
      0.02   0.916846   0.187277   0.311024
      0.03   0.914369   0.194531   0.320809
      0.04   0.905429   0.203754    0.33265
      0.05   0.901228   0.209691   0.340222
      0.06   0.887548   0.215289   0.346523
      0.07    0.86676   0.216626   0.346622
      0.08   0.844571   0.220079   0.349171
      0.09   0.831754   0.221861   0.350287
       0.1   0.807734    0.22567   0.352778
      0.11   0.789746   0.228611    0.35458
      0.12   0.774128   0.231255   0.356125
      0.13   0.760125   0.234639   0.358587
      0.14   0.752154   0.237682   0.361219
      0.15   0.736859   0.243019   0.365496
      0.16   0.723503   0.246687   0.367925
      0.17   0.707454   0.252887   0.372588
      0.18    0.69302   0.256444    0.37436
      0.19   0.664584   0.260494   0.374282
       0.2   0.652197   0.265567   0.377444
      0.21   0.640349    0.27112   0.380949
      0.22   0.626239   0.277875   0.384943
      0.23    0.62053   0.281363   0.387172
      0.24   0.607497   0.288701   0.391398
      0.25   0.590155   0.291413   0.390166
      0.26   0.581861   0.298166   0.394286
      0.27   0.574321   0.300059   0.394177
      0.28   0.562688   0.305858   0.396301
      0.29   0.557303   0.312953   0.400824
       0.3   0.551917   0.322537   0.407143
      0.31   0.543839   0.327635   0.408918
      0.32   0.538992   0.330346   0.409631
      0.33   0.533498    0.33743   0.413394
      0.34    0.52682   0.342827    0.41536
      0.35   0.515295   0.346305   0.414227
      0.36   0.508617   0.349697   0.414445
      0.37   0.498384   0.352923   0.413226
      0.38   0.489013   0.354494   0.411027
      0.39   0.476842   0.359974   0.410247
       0.4   0.470379    0.36441   0.410668
      0.41   0.462516   0.367579   0.409619
      0.42   0.452822   0.375982    0.41084
      0.43   0.446575   0.380397   0.410838
      0.44   0.431172   0.384772   0.406653
      0.45   0.428371   0.390244    0.40842
      0.46   0.425355   0.401235   0.412943
      0.47   0.420401   0.407205   0.413698
      0.48   0.418246   0.421179   0.419707
      0.49   0.415446   0.425679     0.4205
       0.5   0.412538   0.436883   0.424362
      0.51    0.40866   0.446982   0.426963
      0.52   0.405967   0.455882   0.429479
      0.53   0.404028   0.466352   0.432959
      0.54   0.403382   0.473812    0.43577
      0.55   0.396489   0.479087   0.433892
      0.56   0.392719   0.483829   0.433539
      0.57   0.385933   0.496957   0.434464
      0.58    0.38324   0.502422   0.434812
      0.59   0.378285   0.511159   0.434797
       0.6   0.376454   0.517292   0.435776
      0.61   0.369022   0.524866   0.433359
      0.62   0.364606    0.53222   0.432749
      0.63   0.356312   0.535627   0.427945
      0.64   0.351357   0.541667   0.426234
      0.65   0.345433   0.542982   0.422244
      0.66   0.332938   0.554839   0.416157
      0.67   0.323567   0.555241   0.408867
      0.68    0.30838   0.550639   0.395349
      0.69   0.304179   0.551165   0.392013
       0.7   0.288561   0.549946   0.378513
      0.71   0.281991   0.559456   0.374976
      0.72   0.273912   0.567536   0.369494
      0.73   0.258509   0.573232   0.356327
      0.74     0.2486   0.582895   0.348547
      0.75   0.233412   0.592908    0.33496
      0.76   0.228134    0.60089   0.330711
      0.77    0.22081   0.613312   0.324714
      0.78   0.216502   0.615132   0.320278
      0.79   0.208315   0.616341   0.311386
       0.8   0.201099   0.625232   0.304317
      0.81   0.190112   0.629126   0.291989
      0.82   0.180526   0.630165   0.280652
      0.83   0.173632    0.62955   0.272193
      0.84   0.169216   0.643341   0.267953
      0.85   0.167169   0.651765    0.26609
      0.86   0.157368   0.645885   0.253074
      0.87   0.156075   0.654545   0.252049
      0.88   0.149074   0.670487   0.243916
      0.89   0.142503    0.66055   0.234432
       0.9   0.125269   0.641892   0.209628
      0.91   0.119561   0.645985   0.201776
      0.92   0.107604   0.638132   0.184156
      0.93    0.10168      0.625   0.174906
      0.94   0.100711    0.62931   0.173634
      0.95  0.0955407   0.615741   0.165415
      0.96  0.0910168   0.601942   0.158124
      0.97  0.0852003   0.601093   0.149246
      0.98  0.0806764   0.591716   0.141993
      0.99  0.0640888   0.558442   0.114982
