         0          1   0.235879   0.381719
      0.01   0.917615   0.266857   0.413471
      0.02   0.916696   0.295936   0.447428
      0.03   0.915142   0.332803   0.488102
      0.04   0.909772   0.354217   0.509904
      0.05   0.907935   0.367296   0.523012
      0.06   0.902212   0.392461   0.546985
      0.07   0.894086   0.404161   0.556681
      0.08   0.868155   0.435002   0.579592
      0.09     0.8536   0.444389   0.584489
       0.1   0.825196   0.453438   0.585273
      0.11   0.803434   0.472608   0.595136
      0.12   0.786971   0.485034   0.600167
      0.13   0.754469   0.496852   0.599142
      0.14   0.735039   0.505562   0.599077
      0.15   0.708825   0.524407   0.602827
      0.16   0.682753   0.531232   0.597536
      0.17   0.653289   0.543997   0.593655
      0.18   0.641419   0.555593   0.595429
      0.19   0.616901   0.574667   0.595036
       0.2   0.605172   0.584679   0.594749
      0.21     0.5974   0.608048   0.602677
      0.22   0.578464   0.628322   0.602363
      0.23   0.565322   0.635747    0.59847
      0.24   0.555147   0.647894   0.597946
      0.25   0.546386   0.657985   0.597015
      0.26   0.523988   0.662532   0.585171
      0.27   0.513601   0.665954   0.579939
      0.28   0.504204   0.680851   0.579362
      0.29   0.492687   0.687281   0.573938
       0.3   0.481311   0.692875   0.568033
      0.31   0.463859   0.697704   0.557243
      0.32   0.455027   0.702225   0.552224
      0.33   0.441956   0.701024    0.54213
      0.34   0.437363   0.700557   0.538523
      0.35   0.417367   0.697826   0.522331
      0.36   0.403236   0.699702   0.511625
      0.37     0.3843   0.697368   0.495528
      0.38   0.381403   0.699449   0.493633
      0.39   0.364587   0.698269   0.479048
       0.4   0.355896   0.700503   0.471993
      0.41   0.344379   0.705004   0.462727
      0.42   0.330036   0.707948   0.450196
      0.43   0.322123   0.712655   0.443694
      0.44   0.295626   0.709419    0.41734
      0.45   0.289621    0.71517   0.412281
      0.46   0.268353   0.707926    0.38918
      0.47   0.262135    0.70634   0.382367
      0.48   0.251607   0.704388   0.370774
      0.49   0.238324   0.696897   0.355183
       0.5   0.229209   0.701995   0.345582
      0.51   0.221225   0.711286   0.337485
      0.52   0.216138   0.708389   0.331217
      0.53   0.208154   0.708738   0.321797
      0.54   0.202784    0.70128   0.314598
      0.55   0.190843    0.69163   0.299143
      0.56   0.188653   0.688889   0.296193
      0.57   0.184484    0.68429   0.290618
      0.58   0.172826   0.679012   0.275524
      0.59   0.165124   0.671429   0.265062
       0.6   0.156009    0.66559   0.252771
      0.61    0.14527   0.668376   0.238666
      0.62    0.13891   0.666667   0.229915
      0.63   0.134176    0.66348   0.223212
      0.64   0.122589   0.646939    0.20612
      0.65   0.113898   0.667401   0.194588
      0.66   0.102734   0.661137   0.177835
      0.67   0.100473   0.653753   0.174178
      0.68  0.0974352   0.679045   0.170417
      0.69   0.096446   0.686111   0.169119
       0.7  0.0911468   0.688427    0.16098
      0.71  0.0910054   0.752508   0.162374
      0.72  0.0907228   0.850575   0.163958
      0.73  0.0884618      0.856   0.160352
      0.74  0.0838691   0.850622   0.152684
      0.75  0.0819614   0.868421   0.149786
      0.76  0.0816081   0.866667    0.14917
      0.77  0.0799124   0.880383   0.146525
      0.78  0.0792765    0.88835   0.145563
      0.79  0.0763796   0.884422   0.140615
       0.8  0.0748958   0.887701   0.138137
      0.81  0.0727761   0.876471   0.134393
      0.82  0.0672649   0.866242   0.124836
      0.83  0.0661344   0.869281   0.122917
      0.84  0.0640147   0.892857   0.119464
      0.85  0.0560305    0.88189   0.105367
      0.86     0.0549   0.876033   0.103325
      0.87  0.0543348   0.895652   0.102454
      0.88  0.0520031   0.897196  0.0983081
      0.89  0.0512259   0.896226  0.0969125
       0.9  0.0498128   0.887755  0.0943324
      0.91  0.0480464   0.877778  0.0911059
      0.92  0.0469158      0.875  0.0890566
      0.93  0.0438776   0.902439  0.0836863
      0.94  0.0418286   0.897436  0.0799316
      0.95  0.0407687   0.907895  0.0780334
      0.96  0.0398502    0.90411  0.0763358
      0.97  0.0394969   0.915493  0.0757268
      0.98  0.0381545   0.910448  0.0732396
      0.99  0.0366707   0.904762  0.0704846
