         0          1   0.265439    0.41952
      0.01   0.922161   0.274593   0.423177
      0.02   0.922161   0.278293   0.427557
      0.03   0.919166   0.282357   0.432007
      0.04   0.915092   0.293412   0.444349
      0.05   0.909182   0.301407   0.452728
      0.06   0.904549    0.31335   0.465458
      0.07   0.901314   0.320508   0.472864
      0.08   0.896282   0.334628   0.487316
      0.09   0.892847   0.344101   0.496755
       0.1   0.875354   0.353331   0.503448
      0.11   0.867846   0.362591   0.511482
      0.12   0.853948   0.367678   0.514033
      0.13   0.843165   0.379048   0.522985
      0.14   0.837374   0.385375   0.527832
      0.15   0.828228   0.394587   0.534518
      0.16   0.818323    0.39862   0.536098
      0.17   0.802468   0.405589   0.538836
      0.18   0.794321   0.410601   0.541361
      0.19   0.780023   0.418003   0.544315
       0.2   0.774272   0.422434   0.546632
      0.21   0.763888   0.429104   0.549522
      0.22   0.748153   0.435319    0.55039
      0.23    0.74336   0.439835   0.552666
      0.24   0.733815   0.444359    0.55353
      0.25   0.724749   0.446809    0.55281
      0.26   0.712528   0.451925   0.553065
      0.27   0.700028   0.454132   0.550885
      0.28   0.684173   0.459322    0.54964
      0.29   0.677663   0.462993   0.550128
       0.3     0.6664   0.466304   0.548678
      0.31   0.632254   0.466981   0.537193
      0.32   0.619114   0.466855   0.532311
      0.33   0.603658   0.471643   0.529547
      0.34   0.597428   0.472956   0.527955
      0.35    0.58333   0.475248   0.523771
      0.36   0.573066   0.474275   0.519012
      0.37   0.559887   0.476202   0.514664
      0.38   0.550941   0.476593   0.511077
      0.39   0.533408   0.479697   0.505129
       0.4   0.524062   0.481174   0.501703
      0.41   0.511322   0.482109   0.496286
      0.42   0.491953   0.483212   0.487543
      0.43   0.477894   0.483488   0.480675
      0.44   0.462359   0.480158    0.47109
      0.45   0.449778   0.477816   0.463373
      0.46   0.439874   0.480051   0.459085
      0.47    0.42961   0.480528   0.453645
      0.48   0.411758   0.483045   0.444562
      0.49   0.401653   0.486574   0.440054
       0.5   0.391549   0.491951   0.436045
      0.51   0.383322    0.49902   0.433585
      0.52   0.372619   0.502635    0.42797
      0.53   0.358561   0.499573   0.417481
      0.54   0.349135   0.499559   0.411017
      0.55   0.331123   0.494945    0.39679
      0.56   0.321818   0.492644   0.389316
      0.57   0.309477   0.489826   0.379305
      0.58   0.299613   0.487967   0.371267
      0.59    0.28815   0.481542   0.360551
       0.6   0.273254   0.477871   0.347692
      0.61   0.259475   0.473314   0.335194
      0.62   0.249171   0.467862   0.325167
      0.63   0.235153   0.465176   0.312389
      0.64   0.222892   0.460094   0.300303
      0.65   0.213866   0.457262   0.291428
      0.66   0.201885   0.445501   0.277856
      0.67   0.196533   0.443689   0.272404
      0.68   0.184113   0.435651   0.258837
      0.69   0.171652   0.433725   0.245962
       0.7   0.162746   0.431979   0.236421
      0.71   0.152482   0.429241   0.225027
      0.72     0.1411   0.421156   0.211381
      0.73   0.135309   0.414784   0.204053
      0.74   0.129438   0.413206   0.197126
      0.75   0.105995   0.399543   0.167542
      0.76   0.103758   0.403073   0.165034
      0.77  0.0996845   0.399021   0.159518
      0.78  0.0972483   0.395965   0.156147
      0.79  0.0858261    0.39159   0.140794
       0.8  0.0837494   0.389558   0.137861
      0.81  0.0787571   0.388967   0.130991
      0.82  0.0743241   0.388306   0.124767
      0.83  0.0729662   0.393519   0.123106
      0.84   0.071808   0.399356   0.121728
      0.85  0.0676545   0.393333   0.115451
      0.86  0.0637805   0.391459   0.109689
      0.87  0.0572307   0.381215  0.0995207
      0.88  0.0533967   0.388031  0.0938753
      0.89  0.0521187   0.387674  0.0918845
       0.9  0.0478853   0.369198  0.0847752
      0.91  0.0427733   0.346756  0.0761529
      0.92  0.0392987   0.323185  0.0700762
      0.93  0.0343464   0.303258  0.0617043
      0.94  0.0318703   0.294118   0.057509
      0.95  0.0268381    0.29697  0.0492274
      0.96  0.0253604   0.299035  0.0467556
      0.97  0.0226047        0.3  0.0420417
      0.98   0.021806   0.304348  0.0406962
      0.99  0.0205679   0.321429  0.0386619
