         0          1   0.256164   0.407851
      0.01   0.933894   0.277326   0.427657
      0.02   0.933894   0.289672   0.442188
      0.03   0.933894   0.299636   0.453703
      0.04   0.927104   0.322279   0.478294
      0.05   0.927046   0.341344   0.498966
      0.06   0.926349   0.371469    0.53029
      0.07   0.924724   0.389946   0.548567
      0.08   0.922171   0.416541   0.573868
      0.09   0.916657   0.434312   0.589377
       0.1   0.914626    0.45512   0.607798
      0.11   0.909344    0.47312   0.622408
      0.12   0.906268   0.485309   0.632118
      0.13   0.900232   0.499532   0.642529
      0.14   0.897504   0.508019   0.648797
      0.15   0.883343    0.51465   0.650379
      0.16    0.87632   0.519145   0.652022
      0.17   0.869994   0.525718   0.655395
      0.18   0.862101   0.530775   0.657032
      0.19   0.849158   0.539518   0.659817
       0.2   0.843645   0.542899   0.660656
      0.21   0.833836   0.550602   0.663246
      0.22    0.82188   0.554892   0.662499
      0.23   0.813755   0.556193   0.660762
      0.24   0.797214   0.556957   0.655773
      0.25   0.786593   0.559992   0.654227
      0.26   0.776553   0.561366   0.651654
      0.27   0.762333   0.562525   0.647362
      0.28   0.743529   0.564924   0.642037
      0.29    0.73401   0.568636   0.640826
       0.3   0.724028   0.571976   0.639082
      0.31   0.711085    0.57283   0.634514
      0.32   0.704295   0.573607   0.632269
      0.33   0.680325   0.573486   0.622353
      0.34   0.675276   0.574221   0.620662
      0.35   0.662159   0.575859   0.616001
      0.36   0.653105    0.57668   0.612518
      0.37    0.64202    0.57609    0.60727
      0.38   0.631109   0.573783   0.601082
      0.39   0.615844   0.570944   0.592545
       0.4   0.604353   0.570103   0.586729
      0.41   0.578352   0.565659   0.571935
      0.42   0.561695   0.564603   0.563145
      0.43   0.553453   0.561801   0.557596
      0.44   0.542368   0.560918   0.551487
      0.45   0.530064   0.556361   0.542894
      0.46   0.499536   0.550816   0.523924
      0.47   0.478932   0.547061   0.510734
      0.48    0.45769   0.543507   0.496921
      0.49   0.448462   0.542447   0.490997
       0.5   0.439524   0.540827   0.484941
      0.51   0.421706   0.534531   0.471463
      0.52   0.416657   0.534959   0.468454
      0.53   0.404643   0.532366     0.4598
      0.54   0.396169   0.532902   0.454474
      0.55   0.384794   0.529295   0.445623
      0.56   0.377887    0.53195   0.441875
      0.57   0.365177   0.534913   0.434041
      0.58   0.358387   0.533362   0.428708
      0.59   0.344922   0.541065   0.421282
       0.6   0.336506   0.540901   0.414896
      0.61   0.328381   0.543675   0.409452
      0.62   0.322113   0.542548   0.404232
      0.63   0.318282   0.541247   0.400846
      0.64   0.310157   0.540302   0.394089
      0.65   0.308009   0.545551   0.393727
      0.66   0.294254   0.544805   0.382121
      0.67   0.290946   0.547646   0.380007
      0.68   0.284388   0.555104   0.376096
      0.69   0.282472   0.561677   0.375901
       0.7   0.280905   0.564605   0.375159
      0.71   0.275914   0.570799   0.372007
      0.72   0.272664   0.572158   0.369325
      0.73   0.270342   0.577502   0.368283
      0.74   0.269298   0.578562   0.367526
      0.75   0.266048   0.586822   0.366111
      0.76   0.265351   0.596343   0.367277
      0.77   0.264306   0.605358   0.367958
      0.78    0.26065    0.60834   0.364938
      0.79   0.257516   0.616512   0.363287
       0.8   0.254788   0.615686   0.360423
      0.81   0.250029   0.620968   0.356511
      0.82   0.247533   0.619869   0.353788
      0.83    0.24318   0.619647   0.349284
      0.84   0.238247   0.616782   0.343723
      0.85   0.233662   0.616269   0.338848
      0.86   0.222983   0.609689    0.32654
      0.87   0.220429   0.608736   0.323659
      0.88   0.216019   0.612403   0.319379
      0.89    0.21184   0.613949   0.314993
       0.9   0.206965    0.60998   0.309064
      0.91   0.202089   0.613006   0.303969
      0.92    0.19942   0.611714   0.300783
      0.93   0.194138   0.602908   0.293703
      0.94   0.191701   0.598864   0.290432
      0.95   0.184562   0.590802    0.28126
      0.96   0.179687   0.588942   0.275361
      0.97    0.16953   0.585305    0.26291
      0.98   0.161405   0.576726   0.252222
      0.99    0.15711   0.563003   0.245665
