         0          1   0.382258   0.553092
      0.01   0.955152   0.455474   0.616814
      0.02   0.955152   0.471416   0.631269
      0.03   0.955152   0.489702   0.647456
      0.04   0.955045   0.508647   0.663774
      0.05      0.951   0.515813   0.668849
      0.06   0.948137   0.520653   0.672186
      0.07   0.938223   0.521743   0.670579
      0.08   0.922939   0.521732   0.666625
      0.09   0.912452   0.521761   0.663893
       0.1   0.900032    0.52106   0.660014
      0.11   0.891406   0.519884   0.656744
      0.12   0.885071    0.51973   0.654894
      0.13   0.872114   0.521711   0.652868
      0.14   0.861412   0.519934   0.648465
      0.15   0.848957   0.519981    0.64494
      0.16   0.841906   0.521665    0.64418
      0.17   0.831025   0.522455   0.641566
      0.18   0.820001   0.521821    0.63778
      0.19   0.802427   0.521912   0.632461
       0.2    0.79194   0.522343    0.62949
      0.21   0.775797   0.523959    0.62548
      0.22   0.755682    0.52312   0.618254
      0.23   0.746376   0.524428    0.61602
      0.24   0.731988   0.526489    0.61246
      0.25   0.720427   0.527112   0.608792
      0.26   0.708902   0.530605    0.60693
      0.27   0.699703   0.531487   0.604103
      0.28   0.683131   0.532088   0.598223
      0.29   0.675042   0.532886   0.595599
       0.3   0.667204   0.535239    0.59398
      0.31   0.658685   0.536923   0.591604
      0.32   0.653996   0.538241   0.590499
      0.33   0.647231   0.540003   0.588775
      0.34   0.640896   0.542514   0.587616
      0.35   0.634418   0.545651   0.586696
      0.36    0.62436   0.546345   0.582753
      0.37   0.616629    0.54753   0.580029
      0.38   0.611403   0.549031   0.578541
      0.39   0.597015   0.550023   0.572556
       0.4   0.591968   0.552201   0.571394
      0.41   0.579727   0.556993   0.568133
      0.42   0.571531   0.561787   0.566617
      0.43   0.566985   0.563926   0.565452
      0.44   0.561545   0.571256   0.566359
      0.45    0.55725   0.576337   0.566632
      0.46   0.549769   0.581998   0.565425
      0.47   0.546548   0.586611   0.565871
      0.48   0.537349   0.589946    0.56242
      0.49   0.530477   0.594745   0.560776
       0.5   0.522424   0.601733   0.559281
      0.51   0.513154   0.606428   0.555905
      0.52   0.507248   0.610722   0.554196
      0.53   0.496188   0.613013   0.548448
      0.54   0.487347    0.61587   0.544122
      0.55   0.475787    0.62362   0.539764
      0.56   0.471957   0.628973   0.539268
      0.57   0.467196   0.636623   0.538907
      0.58   0.463402   0.643101    0.53866
      0.59    0.45517   0.651668   0.535977
       0.6   0.446652   0.654654    0.53101
      0.61   0.436916   0.659444   0.525597
      0.62   0.430223   0.663161   0.521879
      0.63    0.41945   0.665155   0.514471
      0.64   0.411468    0.66735   0.509063
      0.65   0.408962    0.66955   0.507775
      0.66   0.400157   0.672419   0.501733
      0.67     0.3935   0.676563   0.497593
      0.68   0.387415   0.687046   0.495452
      0.69   0.379899   0.689901   0.489985
       0.7   0.371738   0.696435   0.484737
      0.71   0.363112   0.701208    0.47846
      0.72   0.356634   0.701201     0.4728
      0.73   0.345109   0.702144   0.462765
      0.74   0.341601   0.704826   0.460174
      0.75   0.329396   0.706468   0.449302
      0.76   0.323312   0.707836   0.443877
      0.77   0.312968   0.709349   0.434314
      0.78   0.307921   0.710323   0.429609
      0.79   0.298078   0.707881   0.419508
       0.8   0.291277   0.709913   0.413071
      0.81   0.281936   0.711951   0.403918
      0.82   0.269265   0.714595   0.391144
      0.83    0.26182   0.717245   0.383609
      0.84   0.249043   0.728453   0.371185
      0.85   0.244569   0.729383    0.36631
      0.86   0.233831   0.735654   0.354866
      0.87   0.227424   0.738751   0.347783
      0.88   0.218082   0.742004    0.33709
      0.89   0.215076   0.747609    0.33405
       0.9   0.208848   0.751956   0.326902
      0.91   0.200329   0.760365   0.317111
      0.92   0.193779   0.760138    0.30883
      0.93   0.185297   0.767399   0.298514
      0.94   0.180321   0.772684   0.292404
      0.95   0.173378   0.780612   0.283736
      0.96   0.168009   0.777897   0.276335
      0.97   0.156699   0.779954   0.260967
      0.98   0.148359   0.779783   0.249289
      0.99   0.141523   0.779874   0.239571
