         0          1   0.339259   0.506637
      0.01   0.959799   0.409527   0.574098
      0.02   0.955934   0.479725    0.63885
      0.03   0.944298   0.546742    0.69252
      0.04   0.923154   0.646085    0.76016
      0.05   0.912138    0.69273   0.787436
      0.06   0.893622   0.732145   0.804864
      0.07   0.879049   0.739351   0.803171
      0.08   0.855276   0.741487   0.794327
      0.09   0.840781   0.741433   0.787988
       0.1   0.823425    0.74142   0.780274
      0.11   0.809161   0.742412   0.774351
      0.12   0.801624    0.74255   0.770957
      0.13   0.784886   0.742139   0.762914
      0.14   0.779049   0.743344   0.760778
      0.15   0.765249   0.742688     0.7538
      0.16   0.753962   0.741446   0.747651
      0.17   0.739698   0.739295   0.739497
      0.18   0.727445   0.736606   0.731997
      0.19   0.713645   0.735723   0.724516
       0.2   0.702513   0.736568   0.719137
      0.21   0.680015   0.734672   0.706288
      0.22   0.669037   0.734896   0.700422
      0.23   0.656127    0.73423   0.692985
      0.24   0.639196   0.733963   0.683309
      0.25   0.625319   0.733598   0.675145
      0.26   0.610707   0.733351   0.666433
      0.27   0.599382   0.730962   0.658665
      0.28   0.581639   0.726387   0.646004
      0.29   0.567878   0.723217   0.636202
       0.3   0.551102   0.715382   0.622587
      0.31   0.530267   0.706161   0.605703
      0.32   0.516699   0.700363   0.594673
      0.33   0.489718   0.691029   0.573212
      0.34   0.471202   0.684667   0.558223
      0.35   0.445613   0.676104   0.537178
      0.36   0.427174   0.667254   0.520882
      0.37    0.39942    0.64697   0.493913
      0.38   0.374449   0.631225   0.470056
      0.39   0.335756   0.604372   0.431689
       0.4   0.310321    0.58371   0.405215
      0.41   0.271009    0.54951   0.362995
      0.42   0.243371   0.522396   0.332049
      0.43   0.226247   0.501365   0.311793
      0.44   0.186432   0.463357   0.265885
      0.45   0.170197   0.450489   0.247055
      0.46    0.15516   0.429313    0.22794
      0.47   0.135794   0.407534    0.20371
      0.48   0.119946   0.387309   0.183167
      0.49   0.109586   0.369832   0.169074
       0.5  0.0982219   0.359684   0.154306
      0.51  0.0945883   0.352796    0.14918
      0.52  0.0901817   0.343096   0.142823
      0.53   0.080402    0.33042   0.129333
      0.54  0.0729803     0.3213   0.118944
      0.55  0.0675686   0.306818   0.110748
      0.56  0.0606881   0.292124   0.100498
      0.57  0.0532277   0.278775  0.0893881
      0.58  0.0482412   0.267857  0.0817578
      0.59  0.0422111   0.256691     0.0725
       0.6  0.0416312   0.268097   0.072071
      0.61  0.0373019   0.290476  0.0661137
      0.62  0.0348666   0.302448  0.0625253
      0.63  0.0314264   0.301741  0.0569241
      0.64  0.0276382   0.303571  0.0506638
      0.65  0.0267878   0.328283  0.0495336
      0.66  0.0243525   0.359477  0.0456149
      0.67   0.022729   0.378049    0.04288
      0.68  0.0150754   0.496599  0.0292624
      0.69  0.0144956   0.586777  0.0282922
       0.7  0.0135292   0.744444  0.0265754
      0.71  0.0132199   0.955224   0.026079
      0.72  0.0126015   0.953125  0.0248741
      0.73  0.0120603   0.951613  0.0238187
      0.74  0.0115578   0.948276  0.0228372
      0.75  0.0096637   0.981132  0.0191389
      0.76 0.00943177   0.980769  0.0186839
      0.77  0.0071898   0.978723  0.0142747
      0.78  0.0071898   0.978261  0.0142747
      0.79 0.00711249   0.977778  0.0141222
       0.8 0.00711249   0.977778  0.0141222
      0.81 0.00695787   0.976744  0.0138173
      0.82 0.00672594    0.97561  0.0133598
      0.83 0.00610746   0.973684  0.0121388
      0.84 0.00575957   0.971429  0.0114512
      0.85  0.0056436   0.970588   0.011222
      0.86 0.00514109   0.962963  0.0102276
      0.87 0.00494782          1 0.00984691
      0.88 0.00247391          1 0.00493561
      0.89 0.00247391          1 0.00493561
       0.9  0.0023966          1 0.00478174
      0.91 0.00224198          1 0.00447393
      0.92 0.00212601          1 0.00424301
      0.93 0.00204871          1 0.00408903
      0.94 0.00204871          1 0.00408903
      0.95 0.00204871          1 0.00408903
      0.96 0.00193274          1 0.00385802
      0.97 0.00131426          1 0.00262508
      0.98  0.0011983          1 0.00239373
      0.99  0.0011983          1 0.00239373
