         0          1   0.310743   0.474148
      0.01   0.953716   0.335477   0.496356
      0.02   0.953716   0.371055   0.534252
      0.03   0.953716   0.373354   0.536632
      0.04   0.953275   0.377159   0.540479
      0.05   0.952553   0.380691   0.543979
      0.06   0.949344   0.385805   0.548645
      0.07   0.948141   0.389071   0.551736
      0.08    0.94389   0.394277   0.556215
      0.09   0.938716   0.399661   0.560632
       0.1   0.933702   0.407214     0.5671
      0.11   0.927566   0.416572   0.574938
      0.12   0.921389   0.423798   0.580563
      0.13    0.91405   0.436171   0.590544
      0.14   0.911042   0.446237   0.599052
      0.15   0.901857   0.458066   0.607549
      0.16   0.899491   0.468471   0.616077
      0.17   0.894237   0.480204   0.624859
      0.18   0.888541   0.487994   0.629992
      0.19   0.882806   0.501899   0.639962
       0.2   0.875948   0.512801   0.646894
      0.21   0.867685   0.526659   0.655469
      0.22   0.857859   0.538449   0.661621
      0.23   0.851442   0.546969   0.666059
      0.24   0.841375   0.559173   0.671843
      0.25   0.837164   0.568806   0.677374
      0.26   0.824209   0.581649   0.682004
      0.27    0.81715   0.592741   0.687086
      0.28   0.810051   0.609526   0.695626
      0.29   0.804957    0.62154   0.701457
       0.3   0.796896   0.631022   0.704325
      0.31   0.787511   0.637657   0.704706
      0.32   0.781494   0.643662   0.705913
      0.33   0.764288   0.649193   0.702054
      0.34   0.755986   0.652417   0.700394
      0.35   0.739903   0.656382   0.695644
      0.36   0.726146   0.659367   0.691147
      0.37   0.707536   0.659933   0.682906
      0.38    0.69787   0.660458   0.678649
      0.39   0.684675   0.662353   0.673329
       0.4   0.669193   0.661436   0.665292
      0.41   0.655958   0.662217   0.659072
      0.42   0.644206   0.662639   0.653293
      0.43   0.636185   0.662791   0.649215
      0.44   0.620663   0.662679   0.640983
      0.45    0.61192   0.663747   0.636781
      0.46   0.599767   0.662064   0.629378
      0.47    0.58966   0.660245    0.62296
      0.48   0.578109   0.660337   0.616493
      0.49   0.569085   0.659753   0.611074
       0.5   0.556612   0.658709   0.603372
      0.51   0.541932   0.659517   0.594971
      0.52   0.538082   0.660714   0.593126
      0.53   0.524606   0.655777   0.582903
      0.54   0.512373   0.653955   0.574571
      0.55   0.501023   0.651867   0.566577
      0.56   0.495688   0.650211   0.562531
      0.57   0.486063   0.648508   0.555656
      0.58   0.475595   0.646749   0.548121
      0.59   0.461116   0.643309   0.537185
       0.6   0.455581   0.641155   0.532668
      0.61    0.44768   0.640355   0.526957
      0.62   0.439538   0.636927   0.520135
      0.63    0.43272   0.633577   0.514231
      0.64   0.415514   0.627076    0.49983
      0.65   0.407933   0.624233   0.493419
      0.66   0.400313   0.620959   0.486801
      0.67   0.393615   0.616076   0.480339
      0.68   0.381302   0.608057   0.468694
      0.69   0.371395   0.601449   0.459221
       0.7   0.352665   0.595074   0.442869
      0.71   0.327558   0.586453   0.420339
      0.72   0.320018   0.580254   0.412523
      0.73     0.3061   0.571606   0.398696
      0.74   0.299443   0.567465   0.392021
      0.75   0.288934   0.561086   0.381443
      0.76   0.281354   0.556796   0.373816
      0.77   0.270846   0.548213   0.362565
      0.78   0.262102   0.540317   0.352978
      0.79   0.247664   0.530249    0.33763
       0.8   0.236153   0.522976   0.325379
      0.81   0.223118   0.516105    0.31155
      0.82   0.218465   0.513389   0.306503
      0.83   0.212088   0.510605   0.299694
      0.84   0.195444   0.496732   0.280516
      0.85   0.192035   0.486123   0.275312
      0.86   0.181166    0.48119   0.263227
      0.87   0.174387   0.481917   0.256101
      0.88   0.163237   0.478178   0.243389
      0.89   0.154815   0.472816   0.233255
       0.9   0.144788   0.468172   0.221175
      0.91   0.136365   0.456026    0.20995
      0.92   0.125376   0.453515   0.196444
      0.93   0.120483   0.449052    0.18999
      0.94   0.116151   0.448107   0.184484
      0.95   0.110456   0.448101   0.177226
      0.96   0.105202   0.438482   0.169691
      0.97    0.10079   0.428184   0.163171
      0.98  0.0982232   0.419944   0.159208
      0.99  0.0760438   0.388805   0.127208
