         0          1   0.172013   0.293534
      0.01   0.928356   0.162643   0.276793
      0.02   0.928356   0.166916   0.282958
      0.03   0.928356   0.173654   0.292579
      0.04   0.928141   0.188092   0.312795
      0.05   0.925918   0.198122   0.326402
      0.06   0.921543   0.219861   0.355022
      0.07   0.917456   0.234936    0.37408
      0.08   0.913511   0.263667    0.40922
      0.09    0.91179   0.283518   0.432539
       0.1   0.901176   0.307539   0.458581
      0.11   0.886905   0.334717   0.486014
      0.12   0.875502   0.353297   0.503439
      0.13   0.861087   0.373435   0.520947
      0.14   0.842083   0.384233   0.527688
      0.15   0.827094   0.408278   0.546693
      0.16   0.817126   0.424166   0.558445
      0.17   0.800703   0.445428    0.57242
      0.18   0.792456   0.460828   0.582767
      0.19   0.779547   0.485339   0.598227
       0.2   0.768574   0.495547   0.602576
      0.21   0.760399   0.508327   0.609322
      0.22   0.747562   0.514449   0.609476
      0.23   0.738669   0.521816   0.611589
      0.24   0.719521   0.534638   0.613452
      0.25   0.715075   0.541361   0.616209
      0.26   0.702381   0.552534   0.618511
      0.27   0.692269   0.559959   0.619124
      0.28    0.67391   0.562857   0.613398
      0.29    0.66136   0.568959    0.61169
       0.3   0.643933   0.579149   0.609825
      0.31   0.637765   0.590529   0.613239
      0.32   0.633104   0.598364   0.615244
      0.33   0.624211   0.603623   0.613744
      0.34   0.619119   0.609892   0.614471
      0.35   0.610729   0.612689   0.611707
      0.36   0.604131    0.61448   0.609261
      0.37   0.594306   0.619869   0.606818
      0.38   0.584983   0.623743   0.603742
      0.39   0.573508   0.623651   0.597529
       0.4   0.564902   0.623752   0.592871
      0.41   0.552352   0.621801   0.585023
      0.42   0.543244   0.622959   0.580377
      0.43   0.536073   0.622246   0.575954
      0.44   0.527826   0.617841   0.569297
      0.45   0.516781     0.6156   0.561879
      0.46   0.496271   0.607412   0.546245
      0.47   0.484581   0.604363   0.537884
      0.48   0.469736    0.59745   0.525951
      0.49   0.458764   0.598142   0.519263
       0.5   0.442986   0.591746   0.506673
      0.51   0.427926   0.585176   0.494347
      0.52    0.41473   0.579228   0.483367
      0.53   0.405551   0.573087   0.474978
      0.54   0.401965   0.572025   0.472149
      0.55   0.384251   0.566837   0.458018
      0.56   0.373422   0.559524   0.447912
      0.57   0.363167    0.55175   0.438023
      0.58   0.354418   0.544892   0.429483
      0.59   0.342943   0.535052   0.417981
       0.6   0.334768   0.532949   0.411227
      0.61   0.326664    0.52401   0.402446
      0.62   0.312177   0.514731   0.388646
      0.63   0.306512   0.508772   0.382553
      0.64   0.290806   0.496855    0.36688
      0.65   0.281627   0.490893   0.357916
      0.66   0.273881   0.480895   0.348999
      0.67   0.268287   0.474976   0.342894
      0.68   0.255737   0.457478   0.328075
      0.69   0.250215     0.4501   0.321632
       0.7   0.233003   0.431959   0.302718
      0.71   0.223465   0.421331   0.292039
      0.72   0.216007   0.412017   0.283424
      0.73   0.206899   0.401316   0.273035
      0.74   0.203959   0.395556   0.269141
      0.75   0.193417   0.381115   0.256605
      0.76   0.185241    0.36787   0.246405
      0.77   0.172691   0.348977   0.231048
      0.78    0.16724   0.339066   0.223997
      0.79   0.153041   0.324086   0.207904
       0.8   0.151391   0.320203   0.205583
      0.81   0.146013   0.302356   0.196926
      0.82   0.138196   0.290107   0.187211
      0.83   0.135255   0.278533   0.182089
      0.84   0.122777   0.251768    0.16506
      0.85   0.105709   0.232117   0.145263
      0.86  0.0964573   0.209408   0.132077
      0.87  0.0894291   0.192846   0.122193
      0.88  0.0815404   0.177033   0.111654
      0.89  0.0734366   0.160656   0.100798
       0.9  0.0608864   0.136286  0.0841697
      0.91  0.0468302   0.117338  0.0669431
      0.92   0.043101   0.108929  0.0617634
      0.93  0.0375789  0.0867159  0.0524348
      0.94  0.0294033  0.0685714  0.0411581
      0.95  0.0237378  0.0595238  0.0339404
      0.96  0.0217298  0.0504032  0.0303675
      0.97  0.0136259  0.0373444  0.0199666
      0.98  0.0133391  0.0360169   0.019468
      0.99  0.0101836   0.032538  0.0155122
