         0          1   0.171113   0.292223
      0.01   0.964565   0.146946   0.255039
      0.02   0.964565   0.147971    0.25658
      0.03   0.964565   0.149473   0.258836
      0.04   0.963612   0.152034   0.262631
      0.05   0.962279   0.154808   0.266709
      0.06   0.954944   0.160908   0.275409
      0.07   0.946466   0.165327   0.281485
      0.08   0.934464   0.174057   0.293454
      0.09   0.923223   0.180949   0.302592
       0.1   0.906744   0.192195   0.317163
      0.11   0.894932   0.205768   0.334602
      0.12   0.878929   0.216114   0.346925
      0.13   0.874262   0.236279   0.372017
      0.14   0.866165   0.251422    0.38972
      0.15   0.856258   0.274601   0.415842
      0.16   0.848828   0.290789   0.433181
      0.17   0.833683   0.318978   0.461413
      0.18   0.822538   0.336084   0.477191
      0.19   0.808059   0.360714   0.498777
       0.2   0.801962   0.376835   0.512738
      0.21   0.791484   0.402491   0.533622
      0.22   0.785483   0.422822   0.549728
      0.23   0.779291   0.437081   0.560048
      0.24   0.771576   0.449415   0.567994
      0.25   0.759573   0.458245    0.57163
      0.26   0.744523   0.467742   0.574535
      0.27   0.736807   0.475165   0.577744
      0.28   0.720042   0.481149    0.57684
      0.29    0.70623   0.485608   0.575499
       0.3    0.68394   0.488111   0.569665
      0.31   0.664317   0.488519   0.563014
      0.32   0.658221   0.488055   0.560507
      0.33   0.634883   0.483734   0.549097
      0.34   0.616022   0.482285   0.541011
      0.35   0.603544   0.478617   0.533869
      0.36   0.589731   0.475123    0.52626
      0.37   0.562012   0.467583   0.510467
      0.38    0.53896   0.462836   0.498006
      0.39   0.508287   0.456023   0.480739
       0.4   0.488665   0.453039   0.470178
      0.41   0.473042   0.444787    0.45848
      0.42   0.458183   0.433713   0.445612
      0.43   0.440941   0.426306     0.4335
      0.44   0.413507    0.42164   0.417534
      0.45   0.398266   0.414888   0.406407
      0.46   0.370452   0.407901   0.388276
      0.47   0.358068   0.405774   0.380431
      0.48   0.343303    0.39881   0.368981
      0.49   0.331206   0.393856   0.359824
       0.5   0.321014   0.389515   0.351962
      0.51   0.309964   0.385598   0.343669
      0.52    0.30682   0.386162   0.341949
      0.53   0.300343    0.38255   0.336499
      0.54   0.293103   0.380062   0.330966
      0.55   0.282339   0.372258   0.321123
      0.56   0.276719     0.3701   0.316669
      0.57   0.258621   0.360656   0.301232
      0.58   0.252143   0.356893    0.29551
      0.59   0.243665   0.351156   0.287698
       0.6   0.241665   0.350916   0.286219
      0.61   0.229472   0.337113   0.273068
      0.62   0.217565   0.331274   0.262641
      0.63   0.215946   0.325216   0.259549
      0.64   0.205087   0.311784   0.247423
      0.65    0.19718      0.305   0.239516
      0.66   0.186512   0.292308   0.227722
      0.67   0.175271   0.282609   0.216359
      0.68    0.16365   0.274843   0.205149
      0.69   0.155934   0.269928   0.197674
       0.7   0.151457   0.264325   0.192572
      0.71   0.149171   0.261033    0.18985
      0.72   0.146028   0.254044   0.185454
      0.73   0.125071   0.240432   0.164547
      0.74    0.12269   0.238095   0.161935
      0.75    0.12069   0.237952   0.160151
      0.76   0.119928   0.238384   0.159575
      0.77   0.118404   0.236735   0.157855
      0.78   0.117737   0.236082   0.157117
      0.79   0.116308   0.235047   0.155614
       0.8   0.115927    0.23548   0.155367
      0.81   0.108973   0.233189   0.148534
      0.82   0.105068   0.228982   0.144042
      0.83   0.105068   0.231285   0.144495
      0.84   0.103163   0.228766     0.1422
      0.85   0.101924   0.227586   0.140794
      0.86   0.100019     0.2277   0.138987
      0.87  0.0997333    0.23031   0.139191
      0.88  0.0970661   0.234858   0.137361
      0.89  0.0965898   0.236181   0.137107
       0.9  0.0957325   0.237484   0.136457
      0.91  0.0930653   0.233987   0.133166
      0.92  0.0926843   0.236388   0.133159
      0.93  0.0903982   0.238621   0.131122
      0.94  0.0896361   0.241525   0.130748
      0.95  0.0888741   0.247438   0.130776
      0.96  0.0864927   0.243976    0.12771
      0.97  0.0837302   0.241002   0.124282
      0.98   0.080301     0.2368   0.119932
      0.99   0.076967   0.228715   0.115175
