         0          1   0.391539   0.562742
      0.01   0.933417   0.417827   0.577256
      0.02   0.932016   0.421057    0.58006
      0.03   0.929422   0.424001   0.582339
      0.04   0.921012   0.429014   0.585362
      0.05   0.915405   0.431039   0.586099
      0.06   0.901493   0.432474   0.584531
      0.07   0.884392   0.432934   0.581304
      0.08    0.85909   0.433754   0.576456
      0.09   0.843426   0.435472   0.574383
       0.1   0.823626   0.438598   0.572388
      0.11   0.796853   0.440811    0.56762
      0.12   0.775967   0.442318   0.563455
      0.13   0.745129   0.443921   0.556374
      0.14   0.726661   0.446027   0.552765
      0.15   0.705355   0.452725   0.551485
      0.16   0.690917   0.456899   0.550052
      0.17   0.676549   0.465381    0.55144
      0.18   0.665966    0.47087   0.551677
      0.19   0.648234   0.479224   0.551061
       0.2   0.636845   0.485911   0.551233
      0.21   0.621881   0.493615   0.550374
      0.22   0.608319   0.502576   0.550415
      0.23   0.590622   0.509516   0.547079
      0.24   0.578953   0.523513   0.549839
      0.25   0.562377    0.53048   0.545963
      0.26   0.550673   0.545621   0.548135
      0.27   0.539704   0.556976   0.548204
      0.28   0.522533   0.565535   0.543184
      0.29   0.503995   0.573031     0.5363
       0.3   0.485036   0.583333   0.529663
      0.31      0.472   0.597388   0.527343
      0.32   0.457177   0.603008   0.520063
      0.33   0.437868   0.613011   0.510844
      0.34    0.43163   0.623894   0.510252
      0.35   0.418839   0.631561   0.503661
      0.36   0.410709   0.637565    0.49959
      0.37   0.398444   0.650964   0.494322
      0.38   0.385899      0.655   0.485664
      0.39   0.374089   0.660584   0.477672
       0.4   0.365188   0.664849   0.471429
      0.41   0.351941   0.675785    0.46284
      0.42   0.335156   0.684663   0.450019
      0.43   0.326114   0.692768   0.443469
      0.44   0.315461   0.699687   0.434861
      0.45   0.310835   0.706452   0.431717
      0.46   0.302986   0.707632     0.4243
      0.47   0.295556   0.706534    0.41677
      0.48   0.288197   0.704878   0.409121
      0.49   0.279086   0.706767   0.400159
       0.5   0.269379   0.706885   0.390099
      0.51   0.260863   0.705155    0.38084
      0.52    0.25028   0.702703   0.369099
      0.53   0.242255   0.702844   0.360317
      0.54   0.239697   0.701149    0.35726
      0.55   0.232794   0.697992   0.349142
      0.56   0.229465   0.697368   0.345308
      0.57   0.222386    0.69244   0.336652
      0.58   0.218636   0.690413   0.332104
      0.59   0.212889   0.688241   0.325189
       0.6   0.204479    0.68169   0.314593
      0.61   0.196559   0.679374   0.304902
      0.62   0.186641   0.671093   0.292057
      0.63   0.183593   0.666317   0.287868
      0.64   0.177215   0.662281   0.279611
      0.65   0.173045   0.656918   0.273931
      0.66   0.165335   0.640662   0.262839
      0.67   0.159658   0.630938   0.254831
      0.68   0.150827   0.618987   0.242552
      0.69   0.146412   0.609948    0.23614
       0.7   0.139648   0.602442   0.226738
      0.71   0.136669   0.591608   0.222044
      0.72   0.133165   0.584879   0.216938
      0.73   0.128014   0.573117   0.209281
      0.74   0.122407   0.563636   0.201133
      0.75   0.119989    0.55521   0.197331
      0.76   0.118342   0.548896   0.194705
      0.77   0.115013   0.539088   0.189579
      0.78   0.111473   0.532338   0.184344
      0.79   0.107794   0.525597   0.178898
       0.8   0.104675    0.52014   0.174277
      0.81   0.101521   0.514337   0.169571
      0.82  0.0985422   0.508227   0.165077
      0.83   0.097561    0.50369   0.163461
      0.84  0.0960541   0.498134   0.161053
      0.85  0.0929352   0.489564   0.156216
      0.86  0.0878539   0.475634   0.148313
      0.87  0.0852958   0.469428   0.144361
      0.88  0.0827376   0.460765   0.140285
      0.89   0.080635   0.450617   0.136792
       0.9  0.0746426    0.43949   0.127612
      0.91  0.0706826   0.427948   0.121326
      0.92  0.0692809   0.421634   0.119007
      0.93  0.0660569   0.410835   0.113814
      0.94  0.0612209   0.393939   0.105973
      0.95  0.0592935   0.374396   0.102374
      0.96  0.0582422   0.363636   0.100403
      0.97  0.0523199   0.340967  0.0907193
      0.98  0.0511985   0.332468  0.0887326
      0.99  0.0495865     0.3219  0.0859352
