         0          1   0.216663    0.35616
      0.01   0.974955   0.449222   0.615052
      0.02   0.974955   0.608206     0.7491
      0.03   0.974955   0.615255   0.754424
      0.04   0.974955   0.628533   0.764323
      0.05   0.974955    0.65531   0.783796
      0.06   0.973324   0.676071   0.797912
      0.07   0.973234   0.680075   0.800663
      0.08   0.972283   0.695135   0.810676
      0.09   0.971377   0.699806   0.813526
       0.1   0.968478   0.700607   0.813047
      0.11   0.966848   0.700326   0.812284
      0.12   0.963089    0.70177   0.811921
      0.13    0.96087    0.70429   0.812812
      0.14   0.960507   0.706012   0.813828
      0.15     0.9601   0.709606   0.816063
      0.16   0.958514    0.71019   0.815876
      0.17   0.955661   0.710473   0.815026
      0.18   0.954031    0.71104   0.814805
      0.19   0.953216   0.712586   0.815521
       0.2    0.95154   0.712741   0.815009
      0.21   0.949049   0.715912   0.816158
      0.22   0.946196   0.718809   0.816975
      0.23   0.940897   0.720821   0.816285
      0.24   0.938315   0.722751   0.816546
      0.25   0.937908   0.724336   0.817402
      0.26   0.936594   0.729187   0.819978
      0.27   0.935462   0.731547   0.821033
      0.28   0.933333   0.735788   0.822871
      0.29   0.931748   0.736515   0.822708
       0.3   0.927944   0.738628   0.822533
      0.31   0.924955   0.740806   0.822702
      0.32   0.924049   0.743413   0.823947
      0.33   0.920697   0.749091   0.826076
      0.34   0.919248   0.750392   0.826282
      0.35   0.911911   0.753054   0.824904
      0.36   0.907382   0.755442    0.82447
      0.37   0.903533   0.760459   0.825845
      0.38   0.896196   0.762472   0.823944
      0.39   0.889538   0.766966   0.823717
       0.4   0.885009   0.771112   0.824144
      0.41   0.879574   0.774482   0.823689
      0.42   0.868524   0.776804   0.820107
      0.43   0.866395   0.779941   0.820898
      0.44   0.851404   0.784491   0.816579
      0.45   0.844701   0.785758   0.814164
      0.46   0.839266    0.78626   0.811899
      0.47   0.837726   0.786679   0.811401
      0.48   0.834828   0.787023   0.810221
      0.49   0.830254   0.785982   0.807512
       0.5   0.821694   0.784678    0.80276
      0.51   0.814991   0.782941   0.798644
      0.52   0.810009   0.781451   0.795474
      0.53   0.794248   0.777814   0.785945
      0.54   0.782382   0.775281   0.778815
      0.55   0.766123   0.772194   0.769147
      0.56   0.755888   0.769959   0.762859
      0.57    0.74212   0.767649   0.754668
      0.58   0.734647   0.765965   0.749979
      0.59   0.720516   0.763966   0.741606
       0.6   0.716033   0.762945   0.738745
      0.61   0.710462   0.762143   0.735396
      0.62   0.700679   0.760563   0.729394
      0.63   0.696377   0.759489   0.726565
      0.64   0.687047   0.758023   0.720792
      0.65   0.683832   0.756696   0.718421
      0.66    0.67731   0.754518   0.713832
      0.67   0.669746   0.751903   0.708451
      0.68   0.660643   0.749036   0.702068
      0.69   0.656114   0.747467   0.698818
       0.7   0.636322   0.744352   0.686111
      0.71   0.625317   0.740696   0.678134
      0.72   0.620697   0.739184   0.674779
      0.73   0.610915   0.734643    0.66709
      0.74   0.600226   0.731014   0.659196
      0.75   0.581295   0.725891   0.645596
      0.76   0.574411   0.723151   0.640256
      0.77   0.561594   0.718708   0.630511
      0.78   0.556522   0.715775   0.626182
      0.79   0.540534   0.708837    0.61335
       0.8   0.533877    0.70505   0.607638
      0.81   0.515127   0.699372   0.593274
      0.82   0.503623   0.695759   0.584302
      0.83   0.499139   0.695892   0.581319
      0.84   0.485371   0.693223   0.570969
      0.85   0.468976   0.687003   0.557429
      0.86   0.458243   0.679628   0.547399
      0.87   0.447283   0.674195   0.537783
      0.88   0.422917   0.662368   0.516227
      0.89    0.41404   0.655708   0.507576
       0.9    0.39375    0.64546   0.489121
      0.91   0.383016   0.635959   0.478093
      0.92   0.373868   0.630252   0.469328
      0.93    0.35462   0.618695   0.450833
      0.94   0.344248   0.611992   0.440636
      0.95   0.328216    0.60043   0.424426
      0.96   0.311232   0.588716   0.407195
      0.97   0.285009   0.570755   0.380176
      0.98   0.275181   0.560458   0.369124
      0.99   0.257156   0.544369   0.349303
