         0          1   0.205491   0.340925
      0.01   0.949921   0.221211   0.358854
      0.02   0.949171   0.223445   0.361734
      0.03   0.948921   0.227917   0.367553
      0.04   0.946254   0.240882    0.38401
      0.05   0.942171    0.25415   0.400315
      0.06   0.936005   0.276981   0.427467
      0.07   0.932756   0.294769   0.447971
      0.08   0.913341   0.321134    0.47519
      0.09   0.895759   0.340912   0.493866
       0.1    0.88051   0.373252   0.524266
      0.11   0.857345   0.406531   0.551537
      0.12   0.845013   0.426719   0.567074
      0.13   0.815015   0.455507   0.584398
      0.14   0.792684   0.471694   0.591444
      0.15   0.753771   0.496699   0.598811
      0.16   0.721023   0.518129   0.602965
      0.17    0.68111   0.539724    0.60223
      0.18   0.660112    0.55186   0.601151
      0.19   0.628448   0.563946   0.594452
       0.2   0.593451    0.56343   0.578051
      0.21   0.543371    0.56588   0.554397
      0.22   0.521873   0.566667   0.543348
      0.23   0.505291   0.568886   0.535206
      0.24   0.459795   0.553994   0.502518
      0.25   0.429548   0.547425   0.481375
      0.26   0.395717   0.535324   0.455054
      0.27   0.377719   0.523954   0.438978
      0.28    0.35497   0.505738   0.417149
      0.29   0.327556   0.491197   0.393023
       0.3   0.292559   0.464008   0.358857
      0.31   0.249979   0.435897    0.31774
      0.32   0.223065   0.409817   0.288887
      0.33   0.198483   0.390819   0.263264
      0.34   0.172736   0.363881   0.234265
      0.35   0.140988   0.337739   0.198933
      0.36   0.131739   0.328267   0.188022
      0.37   0.114574   0.299835   0.165794
      0.38  0.0989084   0.283019   0.146588
      0.39  0.0843263   0.263736   0.127793
       0.4  0.0814932   0.258491   0.123919
      0.41  0.0734105   0.244576   0.112926
      0.42  0.0657445   0.237395   0.102972
      0.43  0.0627448   0.227766  0.0983862
      0.44  0.0511624   0.221445  0.0831207
      0.45  0.0505791    0.22488  0.0825838
      0.46  0.0501625   0.226368  0.0821261
      0.47  0.0473294    0.22335  0.0781073
      0.48  0.0438297   0.224599  0.0733461
      0.49  0.0423298   0.223796  0.0711937
       0.5    0.04033   0.231707   0.068702
      0.51  0.0387468   0.233227  0.0664534
      0.52  0.0379135    0.22973  0.0650856
      0.53  0.0290809   0.217228  0.0512949
      0.54  0.0290809   0.222656  0.0514429
      0.55  0.0284976   0.253521   0.051236
      0.56  0.0281643   0.269841  0.0510051
      0.57  0.0281643   0.329032  0.0518872
      0.58  0.0281643   0.364286  0.0522862
      0.59  0.0281643   0.392308  0.0525556
       0.6  0.0281643      0.425  0.0528278
      0.61  0.0281643   0.515152  0.0534087
      0.62  0.0274977   0.641026  0.0527333
      0.63  0.0274144   0.690141   0.052734
      0.64  0.0258312   0.741935  0.0499242
      0.65  0.0258312   0.851852  0.0501419
      0.66  0.0241647          1   0.047189
      0.67  0.0241647          1   0.047189
      0.68  0.0241647          1   0.047189
      0.69  0.0241647          1   0.047189
       0.7  0.0241647          1   0.047189
      0.71   0.023748          1  0.0463943
      0.72   0.023748          1  0.0463943
      0.73   0.023748          1  0.0463943
      0.74   0.023748          1  0.0463943
      0.75  0.0232481          1  0.0454397
      0.76  0.0232481          1  0.0454397
      0.77  0.0228314          1  0.0446436
      0.78  0.0224148          1  0.0438468
      0.79  0.0220815          1  0.0432089
       0.8  0.0220815          1  0.0432089
      0.81  0.0213316          1   0.041772
      0.82  0.0209149          1  0.0409729
      0.83  0.0206649          1  0.0404931
      0.84  0.0200817          1  0.0393727
      0.85  0.0200817          1  0.0393727
      0.86  0.0200817          1  0.0393727
      0.87  0.0197484          1  0.0387318
      0.88  0.0179985          1  0.0353606
      0.89  0.0179985          1  0.0353606
       0.9  0.0176652          1  0.0347171
      0.91  0.0157487          1   0.031009
      0.92  0.0157487          1   0.031009
      0.93  0.0157487          1   0.031009
      0.94  0.0142488          1  0.0280973
      0.95  0.0142488          1  0.0280973
      0.96  0.0142488          1  0.0280973
      0.97  0.0128323          1  0.0253394
      0.98  0.0128323          1  0.0253394
      0.99  0.0128323          1  0.0253394
