         0          1   0.406617   0.578148
      0.01   0.938402   0.499487   0.651955
      0.02   0.936816    0.55213   0.694779
      0.03   0.932852   0.563399   0.702513
      0.04   0.923062   0.582729   0.714435
      0.05    0.90895   0.595132   0.719303
      0.06   0.868043    0.60621   0.713875
      0.07   0.834826   0.612413    0.70653
      0.08   0.794514   0.625076   0.699683
      0.09   0.766807   0.627091   0.689946
       0.1   0.734462   0.629352   0.677856
      0.11   0.701839   0.628692   0.663255
      0.12   0.675321   0.629765   0.651748
      0.13   0.648922   0.628998   0.638805
      0.14    0.63053   0.632283   0.631405
      0.15   0.599334   0.628778   0.613703
      0.16   0.578207   0.627867   0.602015
      0.17   0.546575    0.62599   0.583593
      0.18   0.531314   0.627372   0.575362
      0.19   0.503607   0.624045   0.557394
       0.2   0.486364   0.623368   0.546409
      0.21   0.470469     0.6222     0.5358
      0.22   0.450729   0.624312   0.523507
      0.23   0.430434   0.621719   0.508689
      0.24   0.406929   0.619935    0.49134
      0.25   0.393967   0.618608   0.481369
      0.26   0.373038   0.614682   0.464301
      0.27   0.360235   0.610227   0.453032
      0.28   0.345132   0.605558   0.439675
      0.29   0.326899   0.595921   0.422197
       0.3   0.297408   0.579293   0.393033
      0.31   0.273823   0.572691   0.370498
      0.32   0.259672   0.566929   0.356195
      0.33   0.236285   0.547021   0.330019
      0.34   0.228159   0.538384   0.320497
      0.35   0.218567   0.526899   0.308968
      0.36   0.209886   0.517166   0.298592
      0.37    0.19078   0.501742   0.276446
      0.38   0.185429   0.493709     0.2696
      0.39   0.168503   0.480151   0.249461
       0.4    0.16113   0.475785   0.240734
      0.41   0.145592   0.452331   0.220282
      0.42   0.137268   0.445668   0.209889
      0.43   0.131838   0.435644   0.202418
      0.44   0.122087   0.417342    0.18891
      0.45   0.108728   0.402532   0.171211
      0.46  0.0935072   0.390374   0.150875
      0.47  0.0904947   0.382434   0.146357
      0.48  0.0818139    0.36837   0.133891
      0.49  0.0738069   0.364919   0.122781
       0.5  0.0713889   0.358707   0.119079
      0.51  0.0688521   0.356271   0.115402
      0.52  0.0646504    0.35446   0.109355
      0.53  0.0591803    0.33376   0.100534
      0.54  0.0545822   0.304828   0.092586
      0.55  0.0511733   0.293686  0.0871595
      0.56  0.0476058   0.279141  0.0813397
      0.57  0.0424528   0.268128     0.0733
      0.58  0.0405898   0.255732  0.0700597
      0.59  0.0336531    0.23327  0.0588203
       0.6  0.0321865   0.228457  0.0564236
      0.61  0.0292136   0.217391  0.0515057
      0.62  0.0235453   0.194581  0.0420074
      0.63  0.0201364   0.182519  0.0362711
      0.64  0.0175995   0.182065  0.0320964
      0.65  0.0154194    0.18314  0.0284439
      0.66  0.0151419   0.196203  0.0281141
      0.67  0.0147059   0.196078  0.0273598
      0.68  0.0131203   0.223938  0.0247884
      0.69  0.0131203   0.239669  0.0248787
       0.7  0.0131203   0.254386  0.0249537
      0.71  0.0131203   0.298429  0.0251356
      0.72  0.0129221   0.316384  0.0248302
      0.73  0.0120105   0.342105  0.0232062
      0.74  0.0120105   0.348993  0.0232218
      0.75  0.0116141       0.35  0.0224821
      0.76  0.0111384   0.370968  0.0216275
      0.77 0.00963215   0.338983   0.018732
      0.78 0.00963215   0.336207  0.0187278
      0.79 0.00943396   0.315315  0.0183198
       0.8 0.00832408   0.277228  0.0161629
      0.81 0.00547011   0.247423  0.0107036
      0.82 0.00467734    0.21978 0.00915975
      0.83 0.00459807   0.218391 0.00900651
      0.84 0.00408277     0.2125  0.0080116
      0.85 0.00388457   0.197368 0.00761919
      0.86 0.00340891   0.183099 0.00669321
      0.87 0.00301253   0.176471 0.00592392
      0.88 0.000436023   0.142857 0.000869393
      0.89 0.000436023       0.15 0.000869519
       0.9 0.000237831   0.132075 0.000474807
      0.91 0.000237831   0.179487 0.000475033
      0.92 0.000198192  0.0769231 0.000395366
      0.93 0.000198192  0.0769231 0.000395366
      0.94 0.000198192  0.0769231 0.000395366
      0.95 0.000198192  0.0769231 0.000395366
      0.96 0.000198192  0.0769231 0.000395366
      0.97 0.000198192       0.08 0.000395405
      0.98 0.000198192  0.0833333 0.000395444
      0.99 0.000198192  0.0869565 0.000395484
