         0          1   0.374026   0.544424
      0.01   0.855091   0.356077   0.502785
      0.02   0.841864   0.358261   0.502626
      0.03   0.831794   0.357714   0.500281
      0.04   0.818328   0.361451   0.501425
      0.05   0.810523   0.363026   0.501455
      0.06   0.800572   0.368625    0.50481
      0.07   0.792469   0.372588   0.506867
      0.08   0.774891    0.38367   0.513227
      0.09   0.766728    0.38968   0.516736
       0.1   0.754096   0.398978   0.521853
      0.11   0.744682   0.409929   0.528779
      0.12   0.739856   0.417948   0.534151
      0.13   0.727879   0.427285   0.538472
      0.14   0.719359   0.432863   0.540493
      0.15   0.702794   0.440218   0.541347
      0.16   0.694095   0.446367   0.543326
      0.17   0.675147   0.456565   0.544747
      0.18    0.66186   0.461635   0.543906
      0.19   0.648454   0.473367   0.547247
       0.2   0.636656    0.47966   0.547118
      0.21   0.618245   0.489212   0.546211
      0.22   0.593458   0.497505   0.541262
      0.23   0.580885   0.504095   0.539773
      0.24   0.559793    0.51329   0.535534
      0.25   0.548114   0.519196   0.533263
      0.26   0.529643   0.530474   0.530058
      0.27   0.518143    0.53735   0.527572
      0.28   0.496216   0.548674   0.521129
      0.29   0.482929   0.554426   0.516214
       0.3   0.460645   0.563554   0.506929
      0.31   0.443663   0.572193   0.499797
      0.32   0.428708   0.576323   0.491675
      0.33   0.405827   0.584205   0.478947
      0.34   0.392063   0.589662   0.470977
      0.35   0.367098   0.596541   0.454504
      0.36   0.352202   0.603419    0.44479
      0.37   0.329262   0.609101   0.427454
      0.38   0.309301   0.609425   0.410342
      0.39   0.289817   0.613199   0.393604
       0.4   0.277602   0.615888   0.382706
      0.41   0.254007   0.627749   0.361671
      0.42   0.234285   0.642899    0.34342
      0.43   0.226777   0.649134   0.336127
      0.44   0.213728   0.656164   0.322433
      0.45    0.20342   0.663977   0.311429
      0.46    0.18483   0.672844   0.289998
      0.47    0.17333   0.674138   0.275759
      0.48   0.166716   0.680871   0.267848
      0.49    0.15468   0.687436   0.252537
       0.5   0.141036   0.698413    0.23468
      0.51   0.132992   0.720607   0.224543
      0.52   0.130668   0.741892     0.2222
      0.53    0.12036   0.784929   0.208716
      0.54   0.114878   0.803056   0.201003
      0.55   0.108383   0.824723   0.191589
      0.56   0.105583    0.84902    0.18781
      0.57  0.0983138   0.884368   0.176956
      0.58   0.096705   0.904232   0.174724
      0.59  0.0933087    0.92029   0.169438
       0.6  0.0895549   0.926952    0.16333
      0.61  0.0847286    0.93634   0.155396
      0.62   0.081809   0.939058   0.150506
      0.63  0.0792469   0.956395   0.146366
      0.64  0.0779956   0.978852   0.144479
      0.65  0.0766847   0.987768   0.142321
      0.66  0.0763868   0.993769   0.141869
      0.67  0.0763868          1   0.141932
      0.68  0.0752547          1   0.139976
      0.69  0.0745397          1   0.138738
       0.7  0.0715009          1   0.133459
      0.71  0.0705476          1   0.131797
      0.72  0.0691176          1   0.129298
      0.73  0.0658404          1   0.123547
      0.74  0.0639933          1   0.120289
      0.75  0.0624441          1   0.117548
      0.76  0.0622058          1   0.117126
      0.77  0.0614908          1   0.115857
      0.78  0.0607758          1   0.114587
      0.79  0.0596437          1   0.112573
       0.8  0.0589883          1   0.111405
      0.81  0.0585116          1   0.110554
      0.82  0.0559495          1    0.10597
      0.83  0.0544599          1   0.103294
      0.84  0.0530894          1   0.100826
      0.85  0.0507657          1   0.096626
      0.86  0.0495144          1  0.0943568
      0.87  0.0476673          1   0.090997
      0.88   0.043556          1  0.0834761
      0.89  0.0423047          1  0.0811753
       0.9  0.0324138          1  0.0627922
      0.91  0.0284812          1   0.055385
      0.92  0.0266937          1  0.0519993
      0.93  0.0222249          1  0.0434833
      0.94  0.0212119          1  0.0415427
      0.95  0.0131681          1  0.0259939
      0.96  0.0128702          1  0.0254133
      0.97  0.0119168          1   0.023553
      0.98 0.00995055          1   0.019705
      0.99 0.00643508          1  0.0127879
