         0          1   0.176767   0.300428
      0.01   0.940966   0.184187   0.308072
      0.02   0.940966   0.221479   0.358561
      0.03   0.940966   0.236103   0.377488
      0.04    0.93994   0.250185   0.395184
      0.05   0.938378   0.258553   0.405404
      0.06   0.938378   0.268412   0.417424
      0.07   0.938378   0.275467   0.425907
      0.08   0.938378   0.285502   0.437803
      0.09   0.938378   0.292662   0.446171
       0.1   0.937888   0.302666   0.457645
      0.11   0.937888   0.312036   0.468276
      0.12   0.936594   0.318758   0.475639
      0.13   0.936594    0.32828   0.486159
      0.14   0.935433    0.33325   0.491428
      0.15   0.905582   0.337085   0.491295
      0.16   0.899781     0.3427   0.496354
      0.17   0.890946   0.350914   0.503511
      0.18   0.887377   0.357426   0.509594
      0.19   0.875017   0.365943   0.516062
       0.2   0.867788   0.371201   0.519978
      0.21   0.853019   0.380363   0.526126
      0.22   0.851457   0.390827   0.535743
      0.23    0.84936   0.398044   0.542058
      0.24   0.847307   0.411389   0.553863
      0.25   0.846325   0.420922   0.562222
      0.26   0.842934   0.433782   0.572797
      0.27   0.841283   0.442468   0.579927
      0.28   0.835572   0.456013   0.590022
      0.29   0.825398   0.462897   0.593147
       0.3   0.817902   0.476834   0.602445
      0.31   0.812458   0.497073   0.616787
      0.32   0.807282    0.50542   0.621644
      0.33   0.798849   0.519869   0.629849
      0.34   0.795234   0.527894   0.634556
      0.35   0.786355   0.536731   0.637995
      0.36   0.777877   0.543261   0.639737
      0.37   0.765115   0.553653    0.64243
      0.38   0.761858   0.560522   0.645863
      0.39    0.75579   0.570241   0.650033
       0.4   0.753514   0.577785   0.654051
      0.41   0.750078   0.587361   0.658821
      0.42   0.748382   0.599555   0.665752
      0.43    0.74691   0.605875   0.669041
      0.44   0.744411    0.61318   0.672453
      0.45   0.741779   0.618158   0.674349
      0.46   0.736603   0.625639   0.676602
      0.47   0.729463   0.630578   0.676426
      0.48   0.728392   0.636491   0.679348
      0.49   0.727411    0.63956   0.680662
       0.5   0.725849   0.643964   0.682459
      0.51   0.723127   0.651231   0.685299
      0.52    0.71929   0.654979    0.68563
      0.53   0.716345   0.658204   0.686045
      0.54   0.714872    0.66181   0.687318
      0.55   0.710365   0.664717   0.686784
      0.56   0.709339   0.666405   0.687202
      0.57    0.70684   0.669448   0.687636
      0.58   0.706439   0.671731   0.688648
      0.59   0.705457   0.676673   0.690766
       0.6   0.704297   0.678119    0.69096
      0.61   0.699389    0.68178   0.690472
      0.62   0.693499   0.683855   0.688643
      0.63    0.69042   0.686166   0.688286
      0.64     0.6881   0.687365   0.687732
      0.65    0.68453    0.68886   0.686688
      0.66   0.682968   0.690789   0.686857
      0.67   0.680826   0.691899   0.686318
      0.68   0.679622   0.693131    0.68631
      0.69   0.678283   0.694207   0.686153
       0.7   0.676632   0.696818   0.686577
      0.71    0.67507   0.698801   0.686731
      0.72   0.672215   0.698834   0.685266
      0.73   0.667931   0.700899   0.684018
      0.74   0.666949   0.699284   0.682734
      0.75   0.661416    0.69966   0.680001
      0.76   0.660836   0.701522   0.680572
      0.77   0.658962    0.70328     0.6804
      0.78   0.658427   0.705558   0.681178
      0.79   0.656285   0.708693   0.681483
       0.8   0.653741   0.710108    0.68076
      0.81   0.648565    0.70892   0.677401
      0.82   0.645576   0.708157    0.67542
      0.83   0.639998   0.707684   0.672141
      0.84   0.632547   0.703357   0.666075
      0.85   0.628888   0.701617   0.663265
      0.86   0.624559   0.699546    0.65993
      0.87   0.620588    0.69863   0.657301
      0.88   0.615546   0.694974   0.652853
      0.89   0.611485   0.694282   0.650259
       0.9    0.60332   0.691672   0.644482
      0.91   0.590335   0.688101    0.63548
      0.92   0.588372   0.687235   0.633972
      0.93   0.584133   0.685469   0.630757
      0.94   0.581054   0.685185   0.628838
      0.95   0.569676   0.681505   0.620593
      0.96   0.559993   0.678571   0.613606
      0.97   0.550578   0.675728   0.606767
      0.98   0.547008    0.67451   0.604105
      0.99   0.538709   0.670675   0.597492
