         0          1   0.298178   0.459379
      0.01   0.919809   0.270188   0.417684
      0.02   0.919438   0.270932   0.418534
      0.03   0.919438   0.272951   0.420939
      0.04   0.918695   0.278018   0.426859
      0.05   0.918059   0.283755   0.433517
      0.06   0.914452   0.295521   0.446688
      0.07   0.908778   0.304434   0.456083
      0.08   0.896632   0.321963   0.473796
      0.09   0.890957   0.335969   0.487941
       0.1   0.882631   0.356147    0.50751
      0.11   0.864386   0.376318   0.524354
      0.12   0.854627   0.391874   0.537354
      0.13    0.83564   0.413445   0.553191
      0.14   0.820631   0.426994   0.561715
      0.15    0.79284   0.445712   0.570631
      0.16   0.774702   0.457274   0.575094
      0.17   0.743675   0.473651   0.578715
      0.18     0.7345   0.481414   0.581618
      0.19   0.706656   0.490877   0.579327
       0.2   0.687139   0.495322   0.575672
      0.21   0.664757    0.50445   0.573614
      0.22   0.642588   0.509881   0.568594
      0.23   0.617184   0.509824    0.55839
      0.24   0.594802   0.519247   0.554463
      0.25   0.580164   0.527039   0.552327
      0.26   0.553275   0.533653   0.543287
      0.27   0.539804   0.539245   0.539524
      0.28   0.521877   0.546842   0.534068
      0.29   0.513975   0.548124   0.530501
       0.3   0.498648   0.549526   0.522852
      0.31   0.479342    0.55349   0.513755
      0.32   0.468629   0.558702   0.509717
      0.33   0.441793   0.559287   0.493645
      0.34   0.428056   0.562366   0.486104
      0.35   0.412145   0.566628   0.477195
      0.36   0.404508   0.572233    0.47397
      0.37    0.38743   0.584922    0.46612
      0.38   0.374436   0.589498   0.457976
      0.39   0.358366   0.610641   0.451665
       0.4   0.349509    0.62289   0.447771
      0.41   0.333652   0.633795   0.437165
      0.42   0.321135   0.641604   0.428032
      0.43   0.314612   0.655286   0.425118
      0.44   0.310475   0.677488   0.425811
      0.45   0.304322    0.68932   0.422236
      0.46   0.290639   0.705835   0.411738
      0.47   0.280933   0.712931   0.403045
      0.48   0.272395   0.731385    0.39695
      0.49   0.268841   0.741617   0.394627
       0.5   0.262583   0.759914     0.3903
      0.51   0.253036   0.785124   0.382725
      0.52   0.247892   0.796738   0.378134
      0.53   0.236595   0.805556   0.365764
      0.54   0.228056   0.817784   0.356652
      0.55   0.219995   0.828125   0.347638
      0.56   0.212623   0.851667    0.34029
      0.57   0.206789      0.875    0.33452
      0.58   0.202068   0.891993   0.329494
      0.59   0.195068   0.901575   0.320739
       0.6   0.190878   0.907445    0.31541
      0.61   0.188438   0.916667   0.312613
      0.62   0.183347   0.922414   0.305892
      0.63   0.180536   0.925439   0.302131
      0.64   0.175922   0.927438   0.295745
      0.65   0.174702   0.930876   0.294191
      0.66   0.172368   0.931442   0.290903
      0.67   0.166905   0.939173   0.283439
      0.68   0.164678   0.949749   0.280687
      0.69    0.16314   0.963542   0.279035
       0.7   0.161337   0.968085    0.27658
      0.71   0.154018   0.977528   0.266108
      0.72   0.152798   0.982906   0.264481
      0.73   0.146539   0.991124   0.255328
      0.74   0.145585   0.996979   0.254069
      0.75   0.144206   0.996923   0.251965
      0.76   0.142243          1    0.24906
      0.77   0.141395          1   0.247758
      0.78   0.140599          1   0.246536
      0.79   0.134553          1   0.237191
       0.8   0.133386          1   0.235377
      0.81   0.129674          1   0.229577
      0.82   0.128825          1   0.228247
      0.83    0.12734          1   0.225913
      0.84   0.125378          1   0.222819
      0.85   0.123628          1   0.220051
      0.86   0.122037          1   0.217527
      0.87   0.119968          1   0.214235
      0.88   0.116521          1   0.208721
      0.89   0.114824          1   0.205994
       0.9   0.113286          1   0.203516
      0.91   0.108884          1   0.196384
      0.92    0.10602          1   0.191714
      0.93   0.104375          1   0.189022
      0.94   0.100981          1   0.183439
      0.95  0.0958366          1    0.17491
      0.96  0.0913816          1    0.16746
      0.97  0.0865553          1   0.159321
      0.98  0.0841687          1   0.155269
      0.99  0.0792893          1   0.146929
