         0          1   0.354609   0.523559
      0.01   0.928235   0.353799   0.512324
      0.02   0.928235   0.354124   0.512666
      0.03   0.928155   0.354857    0.51342
      0.04   0.928155   0.359036    0.51778
      0.05   0.927833   0.363037   0.521877
      0.06   0.927148   0.368909   0.527806
      0.07   0.927108   0.373327   0.532306
      0.08   0.926907   0.383055   0.542086
      0.09   0.926303   0.389892   0.548791
       0.1   0.923767   0.400594   0.558844
      0.11   0.919863   0.411466   0.568593
      0.12   0.917207    0.41973   0.575912
      0.13   0.911773   0.432092   0.586324
      0.14   0.909841   0.442026   0.594989
      0.15   0.906621   0.454244   0.605243
      0.16   0.903079   0.462708   0.611899
      0.17   0.895069   0.473329   0.619209
      0.18   0.891527   0.480694    0.62461
      0.19   0.881586   0.491079   0.630785
       0.2   0.875186   0.497905   0.634713
      0.21   0.865446   0.507597    0.63989
      0.22   0.856269   0.518391   0.645807
      0.23   0.849507   0.526558   0.650136
      0.24   0.838358   0.537116    0.65475
      0.25    0.83381   0.543744   0.658238
      0.26   0.823023   0.550686   0.659859
      0.27   0.816905   0.557341    0.66261
      0.28   0.801892   0.566789   0.664148
      0.29   0.796619   0.573943   0.667192
       0.3   0.784544   0.583221   0.669066
      0.31   0.778225   0.592054   0.672493
      0.32   0.770135   0.597312   0.672803
      0.33   0.764661   0.605323   0.675726
      0.34     0.7548   0.610005   0.674722
      0.35   0.740712   0.615717   0.672455
      0.36   0.732502   0.616631   0.669591
      0.37   0.715717   0.618823   0.663753
      0.38    0.71137   0.622391   0.663912
      0.39   0.693298   0.626481   0.658198
       0.4   0.685329   0.629984   0.656492
      0.41   0.670034   0.634654   0.651865
      0.42   0.658563   0.641325    0.64983
      0.43   0.655182   0.645838   0.650476
      0.44   0.649064   0.648655   0.648859
      0.45   0.640209   0.652454   0.646274
      0.46   0.627893   0.655117   0.641216
      0.47   0.621775   0.656287   0.638565
      0.48   0.609579   0.655825   0.631857
      0.49   0.600885   0.658445    0.62835
       0.5   0.588891   0.659202   0.622066
      0.51   0.573556   0.657867   0.612825
      0.52   0.563413   0.658431   0.607227
      0.53   0.551982   0.663868   0.602777
      0.54     0.5451     0.6641   0.598744
      0.55   0.531254   0.664336   0.590388
      0.56   0.519863   0.664392   0.583308
      0.57   0.508312   0.663309   0.575558
      0.58   0.496478   0.660932   0.567022
      0.59   0.485088   0.660995   0.559542
       0.6   0.474301   0.660989   0.552295
      0.61   0.468022   0.663536   0.548888
      0.62   0.459006   0.663561   0.542646
      0.63   0.447172   0.661359   0.533573
      0.64   0.428456   0.657991   0.518977
      0.65   0.422097   0.656227   0.513744
      0.66   0.408976   0.655789   0.503776
      0.67   0.398632   0.655214   0.495687
      0.68   0.384464   0.656276   0.484875
      0.69   0.374562   0.654685   0.476504
       0.7   0.363292    0.65073   0.466272
      0.71   0.344335   0.645997   0.449222
      0.72   0.338257   0.647592   0.444394
      0.73   0.325136   0.649254   0.433288
      0.74   0.313987   0.653967    0.42427
      0.75   0.298088   0.650496   0.408831
      0.76   0.292453   0.647689   0.402958
      0.77   0.274985   0.639335   0.384564
      0.78   0.259046   0.635856   0.368121
      0.79   0.243188   0.625568   0.350226
       0.8    0.23224   0.618984   0.337755
      0.81   0.222258   0.612316   0.326136
      0.82   0.202777   0.596096   0.302613
      0.83   0.190622   0.591015   0.288268
      0.84   0.178144   0.577328   0.272274
      0.85   0.167478   0.565181   0.258389
      0.86   0.154317   0.543342   0.240366
      0.87   0.147796   0.532288   0.231354
      0.88   0.136929   0.521484   0.216904
      0.89   0.128195   0.508629   0.204778
       0.9   0.113343   0.489224   0.184046
      0.91    0.10477   0.477578   0.171841
      0.92    0.10155   0.468894   0.166944
      0.93  0.0930972   0.444034   0.153923
      0.94  0.0843631   0.428571   0.140975
      0.95  0.0804186   0.413386   0.134644
      0.96  0.0759911   0.396761   0.127552
      0.97  0.0664923   0.376056   0.113004
      0.98  0.0646005   0.369472   0.109973
      0.99  0.0594083   0.358601    0.10193
