         0          1   0.308236   0.471224
      0.01    0.95674   0.366014   0.529472
      0.02    0.95674   0.399778    0.56392
      0.03   0.956087   0.403808   0.567802
      0.04   0.956036   0.411895    0.57574
      0.05   0.955986   0.418814   0.582456
      0.06   0.953622   0.429249   0.592016
      0.07   0.952666   0.436202   0.598408
      0.08   0.949748    0.44244   0.603663
      0.09   0.947586   0.445697   0.606246
       0.1   0.946227   0.453641   0.613269
      0.11   0.941751   0.457554    0.61588
      0.12   0.937928   0.461238    0.61838
      0.13     0.9334   0.469152   0.624442
      0.14   0.929276   0.473997   0.627781
      0.15   0.921881   0.481729   0.632792
      0.16   0.917052   0.485094   0.634537
      0.17   0.903169   0.486671   0.632513
      0.18   0.895423   0.489274   0.632784
      0.19   0.873491   0.492534   0.629892
       0.2   0.862274   0.493697   0.627893
      0.21   0.843461   0.498094   0.626322
      0.22   0.831137   0.500658   0.624894
      0.23    0.81997   0.501078   0.622035
      0.24   0.802465   0.503003   0.618387
      0.25   0.790744   0.505316   0.616601
      0.26   0.772938   0.507899   0.612996
      0.27   0.754477   0.510674   0.609084
      0.28   0.738732   0.516072   0.607647
      0.29   0.718712   0.520764   0.603932
       0.3   0.700252   0.528121   0.602126
      0.31   0.687374   0.530927   0.599106
      0.32   0.679326   0.532862   0.597245
      0.33   0.665392   0.533528   0.592209
      0.34   0.656137   0.536087   0.590068
      0.35   0.640644   0.540232   0.586169
      0.36   0.628018   0.541357   0.581476
      0.37   0.612777   0.546694   0.577852
      0.38   0.597988   0.547551   0.571659
      0.39    0.58008   0.548024   0.563597
       0.4   0.566901   0.549416   0.558022
      0.41   0.537827   0.546918   0.542334
      0.42   0.524648   0.549914   0.536984
      0.43   0.502414   0.547839   0.524144
      0.44   0.474748   0.548316   0.508887
      0.45   0.466046    0.54799   0.503707
      0.46   0.447586   0.550154   0.493598
      0.47   0.433451       0.55   0.484819
      0.48   0.412978   0.548571   0.471214
      0.49   0.401559   0.546794   0.463056
       0.5   0.383652   0.541509   0.449113
      0.51   0.357646   0.539048   0.429998
      0.52   0.346429   0.534305   0.420328
      0.53   0.327867   0.528016   0.404539
      0.54   0.314034   0.526288   0.393355
      0.55   0.293712   0.527199   0.377251
      0.56   0.275654   0.520833   0.360507
      0.57   0.257596   0.515677   0.343569
      0.58   0.242455   0.509777   0.328616
      0.59   0.222233    0.51446   0.310387
       0.6   0.211771   0.519324   0.300857
      0.61   0.197284   0.530919   0.287672
      0.62   0.183602   0.531874   0.272974
      0.63   0.178924   0.532146   0.267804
      0.64   0.166751   0.540541   0.254875
      0.65   0.160161   0.555035   0.248589
      0.66   0.146781   0.545342   0.231305
      0.67   0.134205   0.550667   0.215814
      0.68   0.125402   0.548159    0.20411
      0.69   0.122837   0.553412   0.201049
       0.7   0.116398   0.540323   0.191535
      0.71   0.108048   0.537653   0.179936
      0.72   0.102213   0.540835   0.171933
      0.73  0.0919014   0.537864   0.156981
      0.74  0.0867203    0.53527   0.149259
      0.75  0.0808853   0.530837    0.14038
      0.76   0.080332   0.534562   0.139674
      0.77  0.0775654   0.537129   0.135556
      0.78  0.0725855   0.534211   0.127806
      0.79  0.0645875    0.51585   0.114801
       0.8  0.0547284   0.501587  0.0986888
      0.81  0.0514085   0.501718  0.0932609
      0.82  0.0503521   0.512727   0.091699
      0.83  0.0486922   0.519231  0.0890348
      0.84   0.045674    0.51626  0.0839233
      0.85  0.0433602   0.512712  0.0799582
      0.86  0.0386318        0.5  0.0717221
      0.87  0.0377264   0.504808  0.0702059
      0.88  0.0331489   0.472222  0.0619491
      0.89  0.0321932   0.461538  0.0601881
       0.9  0.0270121   0.429487  0.0508274
      0.91  0.0229376        0.4  0.0433873
      0.92  0.0213783   0.391304  0.0405416
      0.93  0.0193159   0.387597   0.036798
      0.94  0.0180584   0.358974  0.0343869
      0.95  0.0153421   0.284314  0.0291131
      0.96  0.0147887   0.268041  0.0280309
      0.97  0.0103119   0.213483  0.0196735
      0.98 0.00910463        0.2  0.0174164
      0.99 0.00598592   0.144737  0.0114964
