         0          1   0.164811   0.282983
      0.01   0.963799   0.172252   0.292269
      0.02   0.963418   0.173054   0.293405
      0.03   0.963228   0.175152   0.296406
      0.04    0.96218   0.180238   0.303604
      0.05   0.960751   0.184401   0.309415
      0.06   0.950367   0.192787   0.320549
      0.07   0.941983   0.199083   0.328698
      0.08   0.931218   0.210497   0.343375
      0.09   0.922835   0.219282   0.354361
       0.1   0.909022   0.233962   0.372143
      0.11   0.881014   0.251519    0.39132
      0.12   0.870915   0.262896   0.403877
      0.13   0.849481   0.276738   0.417474
      0.14   0.818234   0.287864   0.425893
      0.15   0.787558   0.303477   0.438127
      0.16   0.763933    0.31558    0.44665
      0.17   0.740211    0.33134    0.45777
      0.18   0.718491    0.34353   0.464818
      0.19   0.688673   0.358473   0.471512
       0.2   0.673145   0.368745   0.476478
      0.21   0.657235   0.384677   0.485307
      0.22   0.644279    0.40088   0.494238
      0.23   0.629894   0.409953   0.496664
      0.24   0.585215   0.410344   0.482421
      0.25   0.556254   0.407367   0.470309
      0.26    0.52072   0.406693   0.456697
      0.27   0.478518   0.400916   0.436293
      0.28   0.434219   0.390476   0.411188
      0.29   0.421168   0.381522   0.400366
       0.3   0.388682   0.364615   0.376264
      0.31   0.346861   0.342936   0.344887
      0.32   0.327236   0.331195   0.329204
      0.33   0.306659   0.329004   0.317439
      0.34   0.284939   0.320438   0.301648
      0.35    0.26379   0.311733   0.285764
      0.36   0.245022   0.299578   0.269568
      0.37   0.232638   0.281181   0.254616
      0.38   0.216157   0.268199   0.239382
      0.39   0.201105   0.248993   0.222501
       0.4   0.181861    0.22608   0.201574
      0.41   0.162332   0.198029   0.178412
      0.42   0.133562   0.161538   0.146224
      0.43   0.124607   0.147739   0.135191
      0.44   0.106697   0.138918   0.120694
      0.45  0.0941221   0.131808   0.109822
      0.46  0.0857388   0.128378   0.102813
      0.47  0.0848814   0.129032   0.102401
      0.48  0.0828808   0.130383   0.101342
      0.49  0.0792607   0.123001  0.0964014
       0.5  0.0604935   0.106599  0.0771853
      0.51  0.0604935   0.101412  0.0757821
      0.52  0.0595408  0.0998703  0.0746041
      0.53  0.0577308  0.0942895  0.0716142
      0.54  0.0555397  0.0904184  0.0688116
      0.55  0.0508717  0.0837912  0.0633077
      0.56  0.0500143  0.0820584   0.062149
      0.57  0.0462989  0.0753912  0.0573675
      0.58  0.0342955  0.0665702  0.0452693
      0.59  0.0230542  0.0589971  0.0331532
       0.6  0.0137182  0.0566319  0.0220863
      0.61 0.00581118  0.0546282  0.0105049
      0.62 0.00581118  0.0556414  0.0105233
      0.63 0.00581118  0.0560748   0.010531
      0.64 0.00581118  0.0566929  0.0105418
      0.65 0.00581118  0.0573248  0.0105526
      0.66 0.00581118  0.0570033  0.0105471
      0.67 0.00571592  0.0561983  0.0103765
      0.68 0.00533486  0.0557432 0.00973777
      0.69 0.00533486  0.0544218 0.00971716
       0.7 0.00533486  0.0548885 0.00972454
      0.71 0.00533486  0.0541958 0.00971355
      0.72 0.00533486  0.0548673 0.00972421
      0.73 0.00533486  0.0557554 0.00973796
      0.74 0.00533486  0.0561594 0.00974408
      0.75 0.00533486  0.0569853 0.00975634
      0.76 0.00533486  0.0580524 0.00977172
      0.77 0.00533486  0.0588235 0.00978251
      0.78 0.00514433  0.0579151 0.00944931
      0.79   0.004668  0.0578842  0.0086393
       0.8   0.004668  0.0587045 0.00864831
      0.81   0.004668  0.0596708 0.00865864
      0.82 0.00447747  0.0595745 0.00832896
      0.83 0.00447747  0.0607375 0.00834012
      0.84 0.00447747  0.0652681 0.00838006
      0.85 0.00447747  0.0686275 0.00840647
      0.86 0.00428694   0.066313 0.00805326
      0.87 0.00419167  0.0635359  0.0078645
      0.88 0.00400114  0.0685358 0.00756088
      0.89 0.00390588       0.07 0.00739891
       0.9 0.00295322  0.0666667  0.0056559
      0.91 0.00295322      0.076 0.00568552
      0.92 0.00295322  0.0829694 0.00570344
      0.93 0.00295322  0.0895522 0.00571789
      0.94 0.00295322  0.0855615 0.00570939
      0.95 0.00190531   0.068323 0.00370723
      0.96 0.00181004  0.0684932 0.00352688
      0.97 0.00142898  0.0583333 0.00278962
      0.98 0.00133371  0.0555556 0.00260489
      0.99 0.000476327  0.0319149 0.000938644
