         0          1    0.28722   0.446264
      0.01   0.928633   0.308362   0.462985
      0.02   0.927868   0.313849   0.469044
      0.03   0.926489   0.319985   0.475683
      0.04   0.921333   0.331306    0.48736
      0.05    0.91434   0.338995   0.494611
      0.06   0.891112     0.3485   0.501048
      0.07   0.879014   0.356169   0.506933
      0.08   0.869519   0.367711   0.516851
      0.09   0.857624   0.373409   0.520286
       0.1    0.83746   0.382113   0.524781
      0.11   0.818878   0.390056   0.528413
      0.12   0.811067   0.393188   0.529625
      0.13   0.802797   0.398468   0.532587
      0.14   0.793047   0.401481   0.533087
      0.15   0.780132   0.405756    0.53385
      0.16    0.77033   0.408788   0.534131
      0.17   0.759457    0.41473   0.536489
      0.18   0.750268   0.417224   0.536243
      0.19   0.737455   0.419462   0.534756
       0.2   0.719894   0.420319   0.530752
      0.21   0.704171   0.423191   0.528665
      0.22   0.695033   0.427174   0.529136
      0.23   0.689418   0.428014    0.52814
      0.24   0.670019   0.428433    0.52266
      0.25   0.658329   0.427327   0.518252
      0.26   0.647506   0.427366   0.514893
      0.27   0.638879   0.427884   0.512515
      0.28   0.626117   0.429558   0.509538
      0.29    0.61509   0.431022   0.506862
       0.3   0.604931   0.434457   0.505714
      0.31   0.591454   0.433514   0.500315
      0.32   0.581806   0.432218   0.495979
      0.33   0.567921   0.432655   0.491145
      0.34   0.558528   0.433543   0.488162
      0.35   0.545868   0.433586   0.483291
      0.36    0.53576   0.431247   0.477856
      0.37   0.524019   0.427633   0.470945
      0.38   0.515851   0.427416   0.467488
      0.39   0.495942   0.424766   0.457603
       0.4   0.487723   0.423446   0.453317
      0.41   0.467711   0.417563   0.441217
      0.42   0.440758   0.412142    0.42597
      0.43   0.427127   0.411169   0.418996
      0.44   0.417837   0.409451   0.413601
      0.45   0.404104   0.406858   0.405477
      0.46   0.389045   0.402476   0.395646
      0.47   0.381081   0.400556   0.390576
      0.48   0.367808   0.396591   0.381658
      0.49   0.356016   0.393459   0.373802
       0.5   0.344275   0.389061     0.3653
      0.51    0.33039    0.38398   0.355175
      0.52   0.323753   0.381516   0.350269
      0.53   0.313645   0.383662   0.345139
      0.54   0.305937   0.381468   0.339553
      0.55   0.287457    0.38164    0.32792
      0.56   0.278983   0.381746   0.322373
      0.57   0.262443   0.372677   0.307994
      0.58   0.258104    0.37536    0.30588
      0.59    0.24427   0.370591   0.294454
       0.6   0.228087   0.365916   0.281011
      0.61   0.220991   0.363541   0.274884
      0.62   0.205983   0.363434    0.26294
      0.63   0.200521   0.363636   0.258498
      0.64   0.187861   0.359928    0.24687
      0.65   0.181581   0.361438   0.241724
      0.66   0.176017   0.362347   0.236937
      0.67    0.17178   0.367785   0.234182
      0.68   0.162846   0.373838   0.226868
      0.69   0.157231   0.371218   0.220899
       0.7   0.148451   0.375591   0.212795
      0.71   0.139415   0.378814   0.203819
      0.72   0.136811   0.390527   0.202635
      0.73   0.130839    0.40622   0.197927
      0.74    0.12553   0.411582   0.192384
      0.75   0.119251   0.423374   0.186087
      0.76   0.116035   0.429553   0.182713
      0.77   0.109398   0.436275   0.174931
      0.78   0.102762   0.443137   0.166835
      0.79  0.0991883   0.461207   0.163265
       0.8  0.0976568   0.473525    0.16192
      0.81  0.0916331   0.488176   0.154303
      0.82  0.0846393    0.48659   0.144197
      0.83  0.0766246   0.486316    0.13239
      0.84  0.0701414    0.47549   0.122249
      0.85  0.0601358   0.462567   0.106435
      0.86  0.0556945   0.453757  0.0992117
      0.87  0.0524784   0.438871   0.093747
      0.88  0.0425239   0.405694   0.076979
      0.89  0.0368574   0.369048  0.0670213
       0.9  0.0284854   0.328947  0.0524305
      0.91  0.0212364   0.312821  0.0397728
      0.92  0.0184798   0.285714  0.0347142
      0.93  0.0105161   0.255172  0.0201997
      0.94 0.00990352   0.257813  0.0190743
      0.95 0.00515595   0.243478  0.0100981
      0.96 0.00510491   0.238938 0.00999624
      0.97 0.00510491   0.259615  0.0100129
      0.98 0.00510491   0.267327  0.0100185
      0.99 0.00505386       0.26 0.00991499
