         0          1   0.279386    0.43675
      0.01   0.940837   0.297094   0.451587
      0.02   0.939941    0.30896   0.465055
      0.03   0.938537   0.315232   0.471948
      0.04   0.934863   0.324946   0.482264
      0.05     0.9319   0.331642   0.489192
      0.06   0.925332   0.342094   0.499518
      0.07   0.919431   0.348891   0.505835
      0.08   0.908697    0.36038   0.516086
      0.09   0.900942   0.367856    0.52241
       0.1   0.888291   0.378596   0.530913
      0.11   0.874284   0.389198   0.538622
      0.12   0.864325   0.396085   0.543229
      0.13   0.848778   0.405961   0.549231
      0.14   0.837994   0.412441   0.552804
      0.15   0.819369   0.421579   0.556717
      0.16   0.807582   0.427596    0.55914
      0.17   0.789657   0.436283    0.56204
      0.18   0.778552   0.441973   0.563854
      0.19   0.760283   0.450086   0.565435
       0.2   0.747972    0.45537   0.566097
      0.21   0.729442    0.46324   0.566633
      0.22   0.711612   0.470639   0.566567
      0.23   0.698983   0.475222   0.565782
      0.24   0.680993   0.481548   0.564163
      0.25   0.668895   0.485649    0.56273
      0.26   0.649996   0.491796   0.559936
      0.27   0.637378   0.495697    0.55768
      0.28   0.619018   0.501529   0.554114
      0.29   0.606292   0.505165   0.551128
       0.3   0.588773    0.51038   0.546781
      0.31   0.571028    0.51528   0.541723
      0.32    0.55972   0.517525   0.537796
      0.33   0.542678   0.521594   0.531927
      0.34   0.532164   0.524334    0.52822
      0.35   0.516299   0.527401   0.521791
      0.36   0.505501   0.528779   0.516878
      0.37   0.489868   0.530923    0.50957
      0.38   0.478862   0.531714   0.503906
      0.39   0.462941   0.533648   0.495786
       0.4   0.453353   0.535506   0.491017
      0.41   0.438526   0.537294   0.482912
      0.42    0.42484   0.539261    0.47526
      0.43   0.415571   0.540507   0.469876
      0.44   0.401589    0.54191   0.461315
      0.45    0.39195   0.542769   0.455192
      0.46   0.377901   0.543953   0.445972
      0.47   0.369538   0.544425   0.440249
      0.48    0.35777   0.545679   0.432183
      0.49   0.349994   0.546433    0.42669
       0.5   0.339139   0.547448   0.418822
      0.51   0.328881   0.548693   0.411258
      0.52   0.322539   0.549868   0.406585
      0.53    0.31184   0.550355   0.398106
      0.54   0.305238    0.55093   0.392831
      0.55   0.294587   0.552329   0.384238
      0.56   0.288614   0.553809    0.37947
      0.57   0.278972   0.555537   0.371426
      0.58   0.273028    0.55677   0.366388
      0.59   0.264155   0.558169   0.358601
       0.6   0.257714   0.559038   0.352792
      0.61   0.249386   0.561067   0.345294
      0.62     0.2405   0.561968   0.336844
      0.63   0.235197   0.562295   0.331666
      0.64   0.227108   0.562364   0.323551
      0.65   0.222183   0.563742   0.318743
      0.66    0.21468   0.564536   0.311068
      0.67   0.209816   0.565462   0.306066
      0.68   0.202972   0.567191   0.298959
      0.69   0.198776   0.567549   0.294432
       0.7   0.192258   0.568083   0.287288
      0.71   0.185614    0.56915   0.279934
      0.72   0.181357   0.569716   0.275132
      0.73   0.175306   0.569891   0.268131
      0.74   0.171267   0.569729   0.263364
      0.75   0.164579   0.568679   0.255279
      0.76   0.161346    0.56996   0.251498
      0.77   0.156399   0.569035   0.245361
      0.78   0.152593   0.568041   0.240563
      0.79   0.146838   0.566209   0.233199
       0.8   0.142832   0.564309   0.227964
      0.81   0.137151   0.562524   0.220533
      0.82   0.132187   0.559652   0.213861
      0.83    0.12905   0.559118   0.209699
      0.84   0.123785   0.557777   0.202606
      0.85   0.120289   0.556081   0.197793
      0.86    0.11587   0.552802   0.191584
      0.87   0.112873   0.550677   0.187346
      0.88   0.108315   0.548302   0.180894
      0.89   0.105491   0.545645   0.176801
       0.9   0.100974   0.540532   0.170161
      0.91  0.0965669   0.536934   0.163694
      0.92  0.0938911   0.535114   0.159752
      0.93  0.0902582   0.533467   0.154394
      0.94  0.0879037   0.531756   0.150868
      0.95  0.0846828   0.527654   0.145943
      0.96  0.0820212   0.523358   0.141817
      0.97  0.0779266   0.517789   0.135466
      0.98  0.0760522   0.515035   0.132534
      0.99  0.0723583   0.508263   0.126682
