    119082       0.29   0.752991   0.682715   0.716133
     58060   0.190101   0.648335   0.473431   0.547247
     42049       0.34   0.919248   0.750392   0.826282
     24077       0.06   0.948137   0.520653   0.672186
     78004       0.23   0.834659    0.65021   0.730978
     45096       0.09   0.815033   0.639978   0.716975
     38092       0.32   0.781494   0.643662   0.705913
     43074   0.162424   0.711347   0.523364   0.603045
     16077       0.24   0.733815   0.444359    0.55353
     86000       0.16   0.917052   0.485094   0.634537
    101085       0.35   0.748827   0.685693   0.715871
     89072       0.17   0.759457    0.41473   0.536489
    126007       0.14   0.907195   0.535512   0.673475
     76053   0.125253   0.708976    0.54205   0.614376
     86016       0.12   0.703436   0.502811    0.58644
    103070       0.15    0.79098   0.441331   0.566552
      8023       0.14   0.877012    0.16151   0.272784
     41033       0.27   0.692269   0.559959   0.619124
    109053       0.14   0.782392   0.344085   0.477967
    130026        0.6   0.376454   0.517292   0.435776
    108082       0.21   0.658127   0.194794   0.300612
     69040       0.06   0.960294   0.328856   0.489933
     14037       0.15   0.708825   0.524407   0.602827
     54082       0.05    0.90895   0.595132   0.719303
     62096        0.6   0.704297   0.678119    0.69096
     12084       0.17   0.883839   0.285301    0.43136
     69015       0.19   0.800352   0.795184    0.79776
     97033       0.31     0.8493   0.474265   0.608649
     19021       0.22   0.809761   0.643698   0.717243
     86068       0.23   0.629894   0.409953   0.496664
      3096       0.07   0.810244   0.565247   0.665927
     41069       0.27   0.736807   0.475165   0.577744
     21077       0.21   0.833836   0.550602   0.663246
    108070          0          1   0.230724    0.37494
    123074       0.28   0.544012   0.322314   0.404796
     38082       0.11   0.898132   0.430607   0.582119
     33039       0.49   0.631926   0.420911   0.505272
    108005        0.2   0.728153   0.386627   0.505075
    106024       0.22    0.69565   0.485959   0.572198
    102061       0.23   0.764605   0.359757   0.489295
     37073       0.06   0.893622   0.732145   0.804864
     65033       0.14   0.851871   0.467904   0.604033
     55073        0.2   0.744937   0.481521   0.584941
     66053       0.18     0.7345   0.481414   0.581618
     85048       0.33   0.764661   0.605323   0.675726
     42012       0.05   0.915405   0.431039   0.586099
     87046       0.24   0.794802   0.456127   0.579618
    105025       0.28   0.729026   0.412113   0.526563
    101087       0.19   0.860908   0.686812   0.764068
     69020        0.2   0.810053   0.523623    0.63608
